0.31837402343749999 0.043031918890111091 2.734969832522292
0.34512207031249997 0.04309576067762505 2.7309182654966837
0.37187011718749996 0.043159607889893085 2.7268783419035723
0.3986181640625 0.043223460624988032 2.7228500054889482
0.42536621093749999 0.043287318981024198 2.7188332003557907
0.45211425781250003 0.043351183056159259 2.7148278709611517
0.47886230468750002 0.043415052948596149 2.7108339621132629
0.5056103515625 0.043478928756584989 2.7068514189686748
0.53235839843749999 0.043542810578425024 2.702880187029419
0.55910644531249998 0.043606698512466444 2.6989202121402069
0.58585449218749996 0.043670592657112366 2.694971440485646
0.61260253906250006 0.043734493110820734 2.6910338185874854
0.63935058593749994 0.043798399972106182 2.687107293301894
0.66609863281250004 0.043862313339542006 2.6831918118167564
0.69284667968750002 0.043926233311762007 2.6792873216490016
0.71959472656250001 0.043990159987462453 2.6753937706419539
0.7463427734375 0.04405409346540394 2.6715111069627104
0.77309082031249998 0.044118033844413353 2.6676392790995411
0.79983886718750008 0.04418198122338577 2.6637782358593163
0.82658691406249996 0.044245935701286342 2.6599279263649613
0.85333496093750005 0.044309897377152248 2.6560883000529274
0.88008300781249993 0.044373866350094583 2.6522593066706959
0.90683105468750003 0.04443784271930027 2.6484408962743
0.9335791015624999 0.04450182658403401 2.6446330192258709
0.9603271484375 0.044565818043640182 2.6408356261912087
0.9870751953125001 0.044629817197544781 2.6370486681373753
1.0138232421875 0.04469382414525732 2.6332720963303107
1.0405712890625001 0.044757838986372776 2.6295058623324699
1.0673193359374999 0.044821861820573516 2.6257499180004853
1.0940673828125 0.044885892747631218 2.6220042154828467
1.1208154296874999 0.044949931867408803 2.6182687072176076
1.1475634765625 0.045013979279862407 2.6145433459301075
1.1743115234375001 0.045078035085043253 2.6108280846307226
1.2010595703125 0.045142099383099654 2.60712287661263
1.2278076171875001 0.045206172274278929 2.6034276754495966
1.2545556640625 0.045270253858929362 2.599742434993789
1.2813037109375001 0.045334344237502128 2.5960671093736027
1.3080517578124999 0.045398443510553277 2.5924016529915095
1.3347998046875 0.045462551778745662 2.5887460205219295
1.3615478515624999 0.04552666914285091 2.585100166909116
1.3882958984375 0.045590795703751401 2.581464047365067
1.4150439453124999 0.045654931562442214 2.5778376173674493
1.4417919921875 0.04571907682003308 2.5742208326575486
1.4685400390624999 0.045783231577750425 2.5706136492382301
1.4952880859375 0.045847395936939254 2.5670160233719259
1.5220361328125001 0.045911569999065198 2.5634279115786347
1.5487841796874999 0.045975753865716493 2.5598492706339417
1.5755322265625 0.046039947638605964 2.5562800575670579
1.6022802734374999 0.046104151419572983 2.5527202296588771
1.6290283203125 0.046168365310585525 2.5491697444400461
1.6557763671874999 0.046232589413742149 2.5456285596890575
1.6825244140625 0.046296823831273981 2.5420966334303587
1.7092724609375001 0.046361068665546769 2.5385739239324754
1.7360205078124999 0.046425324019062866 2.5350603897061541
1.7627685546875 0.046489589994463287 2.5315559895025208
1.7895166015624999 0.046553866694529711 2.528060682311255
1.8162646484375 0.046618154222186514 2.5245744273587838
1.8430126953124999 0.046682452680502813 2.5210971841064875
1.8697607421875 0.046746762172694543 2.5176289122489215
1.8965087890624999 0.046811082802126446 2.5141695717120593
1.9232568359375 0.04687541467231416 2.5107191226515453
1.9500048828125001 0.046939757886926281 2.507277525450966
1.9767529296874999 0.047004112549786432 2.5038447407201336
2.0035009765625 0.047068478764875327 2.5004207292933898
2.0302490234374999 0.047132856636332862 2.4970054522279184
2.0569970703125002 0.047197246268460169 2.4935988708020806
2.0837451171875001 0.047261647765721768 2.4902009465137538
2.1104931640625 0.047326061232747622 2.4868116410786962
2.1372412109375003 0.04739048677433523 2.4834309164289206
2.1639892578125002 0.047454924495451772 2.4800587347110805
2.1907373046875001 0.047519374501236229 2.4766950582848732
2.2174853515624999 0.047583836897001491 2.4733398497214569
2.2442333984375002 0.047648311788236482 2.4699930718018805
2.2709814453125001 0.047712799280608342 2.466654687515526
2.2977294921875 0.04777729947996455 2.4633246600585661
2.3244775390625003 0.047841812492335052 2.4600029528324368
2.3512255859375002 0.047906338423934477 2.456689529442317
2.3779736328125001 0.047970877381164283 2.4533843536956286
2.4047216796875004 0.04803542947061492 2.4500873896005451
2.4314697265625003 0.048099994799068048 2.4467986013645118
2.4582177734375001 0.048164573473498722 2.4435179533927842
2.4849658203125 0.048229165601077574 2.4402454102869746
2.5117138671875003 0.048293771289173094 2.4369809368436082
2.5384619140625002 0.048358390645353751 2.4337244980527011
2.5652099609375001 0.04842302377739028 2.4304760590963421
2.5919580078125004 0.048487670793257942 2.4272355853472871
2.6187060546875003 0.048552331801138722 2.4240030423675702
2.6454541015625002 0.048617006909423617 2.4207783959071225
2.6722021484375 0.04868169622671488 2.4175616119024039
2.6989501953125004 0.04874639986182832 2.4143526564750455
2.7256982421875002 0.048811117923795569 2.4111514959305054
2.7524462890625001 0.048875850521866396 2.4079580967567331
2.7791943359375004 0.048940597765510969 2.4047724256228489
2.8059423828125003 0.04900535976442226 2.4015944493778267
2.8326904296875002 0.049070136628518224 2.3984241350492019
2.8594384765625001 0.049134928467944289 2.3952614498417719
2.8861865234375004 0.049199735393075587 2.3921063611363227
2.9129345703125002 0.049264557514519386 2.3889588364883574
2.9396826171875001 0.049329394943117388 2.3858188436268395
2.9664306640625 0.049394247789948185 2.3826863504529432
2.9931787109375003 0.049459116166329566 2.3795613250388179
3.0199267578125002 0.049524000183820985 2.3764437356263581
3.0466748046875001 0.049588899954225919 2.3733335506259898
3.0734228515625004 0.049653815589594322 2.3702307386154602
3.1001708984375003 0.049718747202225064 2.3671352683386391
3.1269189453125001 0.049783694904668344 2.364047108704336
3.1536669921875 0.049848658809728157 2.3609662287851192
3.1804150390625003 0.049913639030464793 2.3578925978161456
3.2071630859375002 0.049978635680197288 2.3548261851940056
3.2339111328125001 0.050043648872505932 2.3517669604755707
3.2606591796875004 0.050108678721234777 2.3487148933768545
3.2874072265625003 0.050173725340494135 2.3456699537718824
3.3141552734375002 0.050238788844663144 2.3426321116915676
3.3409033203125 0.050303869348392274 2.3396013373226014
3.3676513671875004 0.050368966966605935 2.3365776010063461
3.3943994140625002 0.05043408181450499 2.333560873237742
3.4211474609375001 0.050499214007569397 2.3305511246642201
3.4478955078125004 0.050564363661560766 2.3275483260846248
3.4746435546875003 0.050629530892524977 2.3245524484481463
3.5013916015625002 0.050694715816794841 2.3215634628532564
3.5281396484375001 0.050759918550992718 2.3185813405466602
3.5548876953125004 0.050825139212033153 2.3156060529222504
3.5816357421875002 0.050890377917125584 2.3126375715200718
3.6083837890625001 0.050955634783776987 2.3096758680252942
3.6351318359375004 0.051020909929794619 2.3067209142671938
3.6618798828125003 0.051086203473288683 2.303772682218141
3.6886279296875002 0.051151515532675114 2.3008311439925975
3.7153759765625001 0.051216846226678291 2.2978962718461187
3.7421240234375004 0.051282195674333786 2.2949680381743702
3.7688720703125003 0.051347563994991165 2.2920464155121452
3.7956201171875001 0.051412951308316794 2.2891313765323904
3.8223681640625 0.051478357734296619 2.286222894045244
3.8491162109375003 0.051543783393238986 2.2833209409970778
3.8758642578125002 0.051609228405777516 2.2804254904695456
3.9026123046875001 0.051674692892873943 2.2775365156786416
3.9293603515625004 0.051740176975821013 2.274653989973765
3.9561083984375003 0.051805680776245339 2.2717778868367908
3.9828564453125002 0.051871204416110324 2.268908179881151
4.0096044921875 0.051936748017719109 2.2660448428509175
4.0363525390625004 0.052002311703717552 2.2631878496198943
4.0631005859374998 0.052067895597097076 2.260337174190723
4.0898486328125001 0.052133499821197804 2.257492790693981
4.1165966796875004 0.052199124499711397 2.2546546733873036
4.1433447265624999 0.052264769756684225 2.2518227966544959
4.1700927734375002 0.052330435716520338 2.248997135004664
4.1968408203124996 0.052396122503984482 2.2461776630713493
4.2235888671874999 0.052461830244205275 2.2433643556116625
4.2503369140625002 0.052527559062678218 2.240557187505436
4.2770849609374997 0.052593309085268825 2.2377561337543748
4.3038330078125 0.052659080438215829 2.2349611694812106
4.3305810546874994 0.052724873248134255 2.2321722699288737
4.3573291015624998 0.052790687642018656 2.2293894104596594
4.3840771484375001 0.052856523747246253 2.2266125665544081
4.4108251953124995 0.052922381691580221 2.2238417138116868
4.4375732421874998 0.052988261603172902 2.2210768279469795
4.4643212890625001 0.053054163610569034 2.2183178847918832
4.4910693359374996 0.053120087842709059 2.2155648602933087
4.5178173828124999 0.053186034428932487 2.2128177305126866
4.5445654296875002 0.053252003498981113 2.2100764716251815
4.5713134765624996 0.053317995183002453 2.2073410599189103
4.5980615234375 0.053384009611553089 2.2046114717941667
4.6248095703124994 0.053450046915602074 2.2018876837626493
4.6515576171874997 0.053516107226534312 2.1991696724467009
4.6783056640625 0.053582190676154058 2.1964574145785454
4.7050537109374995 0.053648297396688346 2.1937508869995366
4.7318017578124998 0.053714427520790524 2.1910500666594075
4.7585498046875001 0.053780581181543698 2.1883549306155308
4.7852978515624995 0.053846758512464316 2.1856654560321802
4.8120458984374999 0.053912959647505754 2.1829816201797945
4.8387939453125002 0.053979184721061876 2.180303400434255
4.8655419921874996 0.054045433867970644 2.1776307742761616
4.8922900390624999 0.054111707223517776 2.1749637192901146
4.9190380859375002 0.054178004923440395 2.1723022131640062
4.9457861328124997 0.054244327103930734 2.1696462336883093
4.9725341796875 0.054310673901639864 2.1669957587553781
4.9992822265624994 0.054377045453681438 2.1643507663587496
5.0260302734374998 0.054443441897635447 2.1617112345924525
5.0527783203125001 0.054509863371552059 2.1590771416503181
5.0795263671874995 0.054576310013955374 2.1564484658252994
5.1062744140624998 0.054642781963847385 2.1538251855087904
5.1330224609375001 0.054709279360711786 2.1512072791899555
5.1597705078124996 0.054775802344517927 2.1485947254550575
5.1865185546874999 0.054842351055724735 2.1459875029867956
5.2132666015625002 0.05490892563528469 2.1433855905636459
5.2400146484374996 0.054975526224647867 2.1407889670592022
5.2667626953125 0.055042152965765902 2.1381976114415302
5.2935107421874994 0.055108806001096106 2.1356115027725178
5.3202587890624997 0.055175485473605561 2.133030620207232
5.3470068359375 0.055242191526775217 2.1304549429932842
5.3737548828124995 0.05530892430460406 2.1278844504701944
5.4005029296874998 0.055375683951613325 2.1253191220687606
5.4272509765625001 0.055442470612850701 2.1227589373104352
5.4539990234374995 0.055509284433894579 2.1202038758067032
5.4807470703124999 0.055576125560858343 2.1176539172584654
5.5074951171875002 0.055642994140394711 2.1151090414554234
5.5342431640624996 0.055709890319700056 2.1125692282754729
5.5609912109374999 0.055776814246518834 2.110034457684097
5.5877392578125002 0.055843766069147961 2.1075047097337656
5.6144873046874997 0.055910745936441297 2.1049799645633378
5.6412353515625 0.055977753997814177 2.1024602023974666
5.6679833984374994 0.056044790403247891 2.0999454035460108
5.6947314453124998 0.056111855303294246 2.0974355484034497
5.7214794921875001 0.056178948849080194 2.0949306174482993
5.7482275390624995 0.05624607119231248 2.0924305912425325
5.7749755859374998 0.056313222485282276 2.0899354504310081
5.8017236328125001 0.056380402880869956 2.0874451757408941
5.8284716796874996 0.05644761253254979 2.0849597479811033
5.8552197265624999 0.056514851594394774 2.0824791480417293
5.8819677734375002 0.056582120221081465 2.0800033568934815
5.9087158203124996 0.056649418567894801 2.0775323555871337
5.9354638671875 0.056716746790733089 2.0750661252529641
5.9622119140624994 0.056784105046112886 2.0726046471002091
5.9889599609374997 0.056851493491174028 2.0701479024165135
6.0157080078125 0.056918912283684654 2.0676958725673886
6.0424560546874995 0.056986361582046306 2.0652485389956681
6.0692041015624998 0.057053841545299008 2.0628058832209732
6.0959521484375001 0.057121352333126436 2.0603678868391802
6.1227001953124995 0.057188894105861171 2.0579345315218829
6.1494482421874999 0.05725646702448986 2.0555057990158727
6.1761962890625002 0.057324071250658602 2.0530816711426061
6.2029443359374996 0.057391706946678236 2.0506621297976886
6.2296923828124999 0.057459374275529718 2.0482471569503531
6.2564404296875002 0.057527073400869565 2.0458367346429447
6.2831884765624997 0.057594804487035349 2.0434308449904082
6.3099365234375 0.057662567699051204 2.0410294701797769
6.3366845703124994 0.057730363202633375 2.0386325924696678
6.3634326171874998 0.057798191164195913 2.0362401941897743
6.3901806640625001 0.05786605175085624 2.033852257740369
6.4169287109374995 0.05793394513044095 2.0314687655918009
6.4436767578124998 0.058001871471491523 2.0290897002840027
6.4704248046875001 0.05806983094327018 2.0267150444259974
6.4971728515624996 0.058137823715765757 2.0243447806954058
6.5239208984374999 0.058205849959699588 2.0219788918379606
6.5506689453125002 0.05827390984653151 2.0196173606670227
6.5774169921874996 0.058342003548465873 2.0172601700630954
6.6041650390625 0.058410131238457653 2.0149073029733477
6.6309130859375003 0.058478293090218542 2.0125587424111351
6.6576611328124997 0.058546489278223167 2.0102144714555257
6.6844091796875 0.058614719977715328 2.0078744732508289
6.7111572265624995 0.0586829853647143 2.0055387310061228
6.7379052734374998 0.058751285616021214 2.0032072279947895
6.7646533203125001 0.058819620909225427 2.0008799475540484
6.7914013671874995 0.058887991422711027 1.9985568730844963
6.8181494140624999 0.058956397335663387 1.9962379880496426
6.8448974609375002 0.059024838828075708 1.9939232759754557
6.8716455078124996 0.059093316080755701 1.9916127204499052
6.8983935546874999 0.059161829275332339 1.9893063051225077
6.9251416015625002 0.059230378594262556 1.9870040137038785
6.9518896484374997 0.059298964220838163 1.9847058299652791
6.9786376953125 0.059367586339192695 1.9824117377381727
7.0053857421874994 0.059436245134308403 1.9801217209137791
7.0321337890624998 0.059504940792023314 1.9778357634426311
7.0588818359375001 0.059573673499038277 1.9755538493341347
7.0856298828124995 0.059642443442924166 1.9732759626561303
7.1123779296874998 0.059711250812129101 1.9710020875344569
7.1391259765625001 0.059780095795985741 1.9687322081525167
7.1658740234374996 0.059848978584718673 1.9664663087508432
7.1926220703124999 0.059917899369451862 1.9642043736266692
7.2193701171875002 0.059986858342216121 1.9619463871335003
7.2461181640624996 0.060055855695956707 1.9596923336806873
7.2728662109375 0.060124891624541002 1.9574421977330001
7.2996142578125003 0.060193966322766218 1.9551959638102061
7.3263623046874997 0.060263079986367228 1.9529536164866477
7.3531103515625 0.060332232812024419 1.9507151403908223
7.3798583984374995 0.060401424997371639 1.9484805202049671
7.4066064453124998 0.060470656741004269 1.9462497406646395
7.4333544921875001 0.060539928242487294 1.9440227865583053
7.4601025390624995 0.060609239702363503 1.9417996427269246
7.4868505859374999 0.060678591322161794 1.9395802940635409
7.5135986328125002 0.060747983304405485 1.9373647255128708
7.5403466796874996 0.060817415852620745 1.9351529220708981
7.5670947265624999 0.060886889171345153 1.9329448687844646
7.5938427734375002 0.060956403466136268 1.9307405507508668
7.6205908203124997 0.061025958943580288 1.9285399531174539
7.6473388671875 0.061095555811300897 1.9263430610812216
7.6740869140624994 0.061165194277968057 1.9241498598884161
7.7008349609374998 0.061234874553307027 1.9219603348341312
7.7275830078125001 0.061304596848107309 1.9197744712619136
7.7543310546874995 0.061374361374231863 1.917592254563365
7.7810791015624998 0.061444168344626293 1.9154136701777471
7.8078271484375001 0.061514017973328172 1.9132387035915872
7.8345751953124996 0.061583910475476449 1.9110673403382876
7.8613232421874999 0.06165384606732096 1.9088995659977326
7.8880712890625002 0.061723824966232022 1.906735366195899
7.9148193359374996 0.06179384739071013 1.9045747266044684
7.9415673828125 0.061863913560395792 1.9024176329404374
7.9683154296875003 0.0619340236960794 1.9002640709657326
7.9950634765624997 0.06200417801971126 1.8981140264868244
8.0218115234375009 0.062074376754411673 1.8959674853543431
8.0485595703125004 0.062144620124481159 1.8938244334626961
8.0753076171874998 0.062214908355410777 1.8916848567496847
8.102055664062501 0.062285241673892565 1.8895487411961229
8.1288037109375004 0.062355620307830067 1.8874160728254579
8.1555517578124999 0.062426044486348954 1.8852868377033905
8.1822998046875011 0.062496514439807846 1.8831610219374955
8.2090478515625005 0.062567030399809154 1.8810386116768454
8.2357958984374999 0.062637592599209993 1.8789195931116349
8.2625439453125011 0.062708201272133418 1.876803952472802
8.2892919921875006 0.062778856653979573 1.8746916760316552
8.3160400390625 0.062849558981437015 1.8725827500994989
8.3427880859374994 0.062920308492494276 1.8704771610272584
8.3695361328125006 0.06299110542645131 1.8683748952051098
8.3962841796875001 0.063061950023931293 1.8662759390621062
8.4230322265624995 0.063132842526892427 1.8641802790658073
8.4497802734375007 0.063203783178639991 1.8620879017219052
8.4765283203125001 0.063274772223838316 1.8599987935738589
8.5032763671874996 0.063345809908523065 1.8579129412025226
8.530024414062499 0.063416896480113588 1.8558303312257767
8.5567724609375002 0.063488032187425478 1.8537509502981575
8.5835205078124996 0.063559217280683047 1.8516747851104942
8.6102685546874991 0.063630452011532293 1.8496018223895352
8.6370166015625003 0.063701736633053688 1.8475320488975844
8.6637646484374997 0.063773071399775269 1.8454654514321343
8.6905126953124991 0.063844456567685795 1.8434020168254994
8.7172607421875004 0.063915892394248205 1.8413417319444485
8.7440087890624998 0.063987379138413 1.8392845836898413
8.7707568359374992 0.064058917060631923 1.8372305589962623
8.7975048828125004 0.064130506422871797 1.8351796448316544
8.8242529296874999 0.064202147488628444 1.8331318281969549
8.8510009765624993 0.064273840522940787 1.8310870961257311
8.8777490234375005 0.064345585792405166 1.8290454356838148
8.9044970703124999 0.064417383565189765 1.8270068339689371
8.9312451171874994 0.064489234111049162 1.8249712781103657
8.9579931640625006 0.064561137701339116 1.8229387552685408
8.9847412109375 0.064633094609031536 1.8209092526347079
9.0114892578124994 0.064705105108729538 1.8188827574305568
9.0382373046875006 0.064777169476682772 1.8168592569078541
9.0649853515625001 0.064849287990802792 1.8148387383480824
9.0917333984374995 0.06492146093067884 1.8128211890620709
9.1184814453125007 0.064993688577593495 1.8108065963896351
9.1452294921875001 0.065065971214538762 1.8087949476992107
9.1719775390624996 0.065138309126232224 1.8067862303874873
9.1987255859375008 0.065210702599133488 1.8047804318790432
9.2254736328125002 0.065283151921460614 1.8027775396259824
9.2522216796874996 0.065355657383207033 1.8007775411075644
9.2789697265624991 0.065428219276158397 1.7987804238298413
9.3057177734375003 0.065500837893909772 1.7967861753252905
9.3324658203124997 0.065573513531882996 1.7947947831524469
9.3592138671874991 0.065646246487344254 1.7928062348955365
9.3859619140625004 0.065719037059421892 1.7908205181641059
9.4127099609374998 0.065791885549124324 1.7888376205926573
9.4394580078124992 0.065864792259358373 1.7868575298402753
9.4662060546875004 0.065937757494947555 1.7848802335902612
9.4929541015624999 0.066010781562650764 1.7829057195497615
9.5197021484374993 0.06608386477118125 1.780933975449394
9.5464501953125005 0.066157007431225573 1.7789649890428809
9.5731982421874999 0.06623020985546306 1.7769987481066714
9.5999462890624994 0.06630347235858533 1.7750352404395715
9.6266943359375006 0.066376795257316087 1.7730744538623688
9.6534423828125 0.066450178870431198 1.7711163762174578
9.6801904296874994 0.06652362351877901 1.7691609953684633
9.7069384765625006 0.066597129525300849 1.7672082991998646
9.7336865234375001 0.066670697215051936 1.7652582756166144
9.7604345703124995 0.066744326915222363 1.7633109125437632
9.7871826171875007 0.06681801895515839 1.7613661979260786
9.8139306640625001 0.066891773666384102 1.7594241197276641
9.8406787109374996 0.066965591382623341 1.7574846659315728
9.8674267578125008 0.06703947243982171 1.7555478245394287
9.8941748046875002 0.067113417176169046 1.75361358357104
9.9209228515624996 0.067187425932122138 1.7516819310640122
9.9476708984374991 0.067261499050427762 1.7497528550733588
9.9744189453125003 0.067335636876145841 1.7478263436711166
10.0011669921875 0.067409839756673126 1.745902384945951
10.027915039062499 0.067484108041767063 1.7439809670027651
10.0546630859375 0.067558442083569953 1.7420620779623062
10.0814111328125 0.067632842236633434 1.7401457059607719
10.108159179687499 0.067707308857943405 1.7382318391494083
10.1349072265625 0.067781842306945034 1.7363204656941169
10.1616552734375 0.067856442945568266 1.7344115737750507
10.188403320312499 0.067931111138253647 1.7325051515862127
10.2151513671875 0.068005847251978446 1.7306011873350506
10.2418994140625 0.068080651656283048 1.7286996692420538
10.268647460937499 0.068155524723297944 1.7268005855403397
10.295395507812501 0.068230466827770772 1.7249039244752473
10.3221435546875 0.068305478347093856 1.7230096743039252
10.348891601562499 0.068380559661332149 1.721117823294914
10.375639648437501 0.068455711153251553 1.7192283597277307
10.4023876953125 0.068530933208347453 1.7173412718924506
10.4291357421875 0.068606226214873792 1.7154565480892847
10.455883789062501 0.06868159056387256 1.7135741766281551
10.4826318359375 0.068757026649203537 1.7116941458282693
10.5093798828125 0.068832534867574513 1.7098164440176911
10.536127929687501 0.068908115618572005 1.7079410595329079
10.5628759765625 0.068983769304692175 1.706067980718398
10.5896240234375 0.069059496331372372 1.7041971959261928
10.616372070312499 0.069135297107023055 1.7023286935154349
10.6431201171875 0.069211172043060126 1.7004624618519371
10.6698681640625 0.069287121553937611 1.6985984893077373
10.696616210937499 0.069363146057181066 1.6967367642606461
10.7233642578125 0.069439245973421104 1.6948772750937986
10.7501123046875 0.069515421726427717 1.6930200101951958
10.776860351562499 0.069591673743144775 1.6911649579572485
10.8036083984375 0.069668002453725286 1.6893121067763128
10.8303564453125 0.069744408291566862 1.6874614450522278
10.857104492187499 0.069820891693347972 1.6856129611878437
10.8838525390625 0.069897453099064547 1.6837666435885499
10.9106005859375 0.06997409295206701 1.6819224806618009
10.937348632812499 0.070050811699098159 1.6800804608166326
10.964096679687501 0.070127609790331197 1.6782405724631808
10.9908447265625 0.070204487679408595 1.6764028040121925
11.017592773437499 0.070281445823481323 1.6745671438745351
11.044340820312501 0.070358484683248887 1.6727335804606966
11.0710888671875 0.070435604722999576 1.6709021021802906
11.0978369140625 0.070512806410651649 1.6690726974415475
11.124584960937501 0.070590090217794985 1.6672453546508059
11.1513330078125 0.070667456619733213 1.6654200622120012
11.1780810546875 0.070744906095526722 1.6635968085261439
11.204829101562501 0.070822439128036083 1.6617755819907976
11.2315771484375 0.070900056203966097 1.6599563709995542
11.2583251953125 0.070977757813910788 1.6581391639414955
11.285073242187499 0.071055544452398728 1.6563239492006583
11.3118212890625 0.071133416617939177 1.6545107151554903
11.3385693359375 0.071211374813068856 1.6526994501783034
11.365317382812499 0.071289419544399574 1.6508901426347169
11.3920654296875 0.071367551322666437 1.6490827808830981
11.4188134765625 0.071445770662776673 1.6472773532740006
11.445561523437499 0.071524078083859549 1.6454738481495881
11.4723095703125 0.07160247410931668 1.6436722538430613
11.4990576171875 0.071680959266873304 1.6418725586780729
11.525805664062499 0.07175953408863027 1.6400747509681393
11.5525537109375 0.071838199111116857 1.6382788190160447
11.5793017578125 0.071916954875344441 1.6364847511132377
11.606049804687499 0.071995801926860822 1.6346925355392257
11.632797851562501 0.072074740815805657 1.6329021605609562
11.6595458984375 0.072153772096966537 1.6311136144321956
11.686293945312499 0.072232896329835997 1.629326885392901
11.713041992187501 0.072312114078669498 1.6275419616685813
11.7397900390625 0.07239142591254423 1.6257588314696547
11.7665380859375 0.072470832405418878 1.6239774829907965
11.793286132812501 0.072550334136194355 1.6221979044102788
11.8200341796875 0.072629931688775379 1.6204200838893064
11.8467822265625 0.072709625652133264 1.6186440095713379
11.873530273437501 0.072789416620369474 1.6168696695814047
11.9002783203125 0.072869305192780356 1.6150970520254173
11.9270263671875 0.072949291973922872 1.613326144989466
11.953774414062499 0.073029377573681373 1.6115569365391107
11.9805224609375 0.073109562607335477 1.6097894147186624
12.0072705078125 0.07318984769562896 1.6080235675504586
12.034018554687499 0.073270233464840004 1.6062593830341221
12.0607666015625 0.073350720546852377 1.6044968491458171
12.0875146484375 0.073431309579227874 1.6027359538374926
12.114262695312499 0.073512001205279981 1.6009766850361145
12.1410107421875 0.07359279607414862 1.5992190306428922
12.1677587890625 0.073673694840876366 1.5974629785324885
12.194506835937499 0.073754698166485791 1.5957085165522229
12.2212548828125 0.073835806718058089 1.5939556325212629
12.2480029296875 0.073917021168813116 1.5922043142298039
12.274750976562499 0.073998342198190681 1.5904545494382389
12.301499023437501 0.074079770491933372 1.5887063258763132
12.3282470703125 0.074161306742170585 1.5869596312422711
12.354995117187499 0.074242951647504205 1.5852144532019876
12.381743164062501 0.074324705913095562 1.5834707793880898
12.4084912109375 0.074406570250754034 1.5817285973990625
12.4352392578125 0.074488545379027118 1.5799878947983443
12.461987304687501 0.07457063202329213 1.5782486591134057
12.4887353515625 0.074652830915849275 1.5765108778348209
12.5154833984375 0.074735142796016743 1.574774538415316
12.542231445312501 0.074817568410227117 1.5730396282688108
12.5689794921875 0.074900108512125654 1.5713061347694426
12.5957275390625 0.07498276386267029 1.5695740452505744
12.622475585937501 0.075065535230233391 1.5678433470037894
12.6492236328125 0.075148423390705307 1.5661140272778702
12.6759716796875 0.075231429127599905 1.5643860732777584
12.702719726562499 0.075314553232161768 1.5626594721635034
12.7294677734375 0.075397796503475639 1.5609342110491882
12.7562158203125 0.075481159748577553 1.5592102770018432
12.782963867187499 0.075564643782568192 1.5574876570403395
12.8097119140625 0.075648249428728193 1.5557663381342652
12.8364599609375 0.075731977518635668 1.5540463072027837
12.863208007812499 0.0758158288922859 1.5523275511134693
12.8899560546875 0.075899804398213075 1.5506100566811318
12.9167041015625 0.075983904893614507 1.5488938106666119
12.943452148437499 0.076068131244477116 1.5471787997755615
12.970200195312501 0.076152484325706163 1.5454650106572034
12.9969482421875 0.076236965021256486 1.5437524299030692
13.023696289062499 0.076321574224266317 1.5420410440457128
13.050444335937501 0.076406312837193499 1.5403308395574049
13.0771923828125 0.076491181771954311 1.538621802848805
13.1039404296875 0.076576181950065075 1.5369139202676059
13.130688476562501 0.076661314302786332 1.5352071780971592
13.1574365234375 0.076746579771269849 1.5335015625550745
13.1841845703125 0.076831979306708625 1.5317970597917909
13.210932617187501 0.076917513870489632 1.5300936558891254
13.2376806640625 0.077003184434349517 1.5283913368587974
13.2644287109375 0.07708899198053358 1.52669008864092
13.291176757812501 0.077174937501957738 1.5249898971024687
13.3179248046875 0.077261022002373725 1.5232907480357187
13.3446728515625 0.077347246496537542 1.5215926271566558
13.371420898437499 0.077433612010381389 1.5198955201033546
13.3981689453125 0.077520119581188984 1.5181994124343283
13.4249169921875 0.077606770257774335 1.516504289626847
13.451665039062499 0.077693565100664261 1.5148101370752229
13.4784130859375 0.077780505182284687 1.5131169400890614
13.5051611328125 0.077867591587150481 1.5114246838914827
13.531909179687499 0.077954825412059531 1.509733353617303
13.5586572265625 0.078042207766290575 1.508042934311185
13.5854052734375 0.078129739771805234 1.5063534109257493
13.612153320312499 0.078217422563454223 1.5046647683196497
13.638901367187501 0.078305257289187996 1.5029769912556072
13.6656494140625 0.078393245110271598 1.50129006439841
13.692397460937499 0.078481387201504285 1.4996039723128665
13.719145507812501 0.07856968475144363 1.4979186994617226
13.7458935546875 0.078658138962634558 1.4962342302035323
13.7726416015625 0.078746751051843103 1.4945505487904873
13.799389648437501 0.078835522250295539 1.4928676393661968
13.8261376953125 0.078924453803922143 1.4911854859634308
13.8528857421875 0.079013546973606852 1.4895040725018038
13.879633789062501 0.079102803035442038 1.4878233827854179
13.9063818359375 0.079192223280988752 1.4861434005004559
13.9331298828125 0.079281809017543142 1.4844641092127178
13.959877929687501 0.079371561568408425 1.4827854923651083
13.9866259765625 0.079461482273172998 1.4811075332750703
