# x H_mean H_sd U_mean H_first H_second H_final U_final q_final
0.318374023437 0.0430319190284 5.45920153928e-08 2.73497018046 0.0430319190284 0.0430319190284 0.0430319190285 2.73497018046 0.117691015351
0.345122070312 0.0430957612134 5.64960848943e-08 2.73091946374 0.0430957612134 0.0430957612134 0.0430957612134 2.73091946374 0.117691053102
0.371870117188 0.0431596085485 5.50319228569e-08 2.72687973424 0.0431596085485 0.0431596085485 0.0431596085485 2.72687973424 0.117691061889
0.398618164063 0.0432234613435 4.83246593018e-08 2.72285143693 0.0432234613435 0.0432234613435 0.0432234613435 2.72285143693 0.117691063828
0.425366210937 0.043287319745 4.95861209132e-08 2.71883463432 0.0432873197451 0.0432873197451 0.0432873197451 2.71883463432 0.11769106415
0.452114257812 0.0433511838623 5.24371780719e-08 2.71482929887 0.0433511838623 0.0433511838623 0.0433511838623 2.71482929887 0.11769106409
0.478862304688 0.043415053796 4.99113996518e-08 2.71083538197 0.043415053796 0.043415053796 0.043415053796 2.71083538197 0.11769106394
0.505610351563 0.043478929645 6.22390610367e-08 2.70685283035 0.0434789296451 0.0434789296451 0.0434789296451 2.70685283035 0.117691063771
0.532358398437 0.0435428115078 6.31789217591e-08 2.70288158989 0.0435428115078 0.0435428115078 0.0435428115078 2.70288158989 0.117691063597
0.559106445312 0.0436066994827 3.71155160815e-08 2.69892160651 0.0436066994827 0.0436066994827 0.0436066994827 2.69892160651 0.117691063422
0.585854492187 0.0436705936681 0 2.69497282641 0.043670593668 0.043670593668 0.043670593668 2.69497282641 0.117691063249
0.612602539062 0.0437344941623 2.36507564352e-08 2.69103519613 0.0437344941624 0.0437344941624 0.0437344941624 2.69103519613 0.117691063076
0.639350585938 0.0437984010642 3.31944220581e-08 2.68710866252 0.0437984010642 0.0437984010642 0.0437984010642 2.68710866251 0.117691062904
0.666098632813 0.0438623144721 4.62995651137e-08 2.68319317276 0.0438623144721 0.0438623144721 0.0438623144721 2.68319317276 0.117691062733
0.692846679688 0.0439262344847 0 2.67928867438 0.0439262344847 0.0439262344847 0.0439262344847 2.67928867438 0.117691062563
0.719594726563 0.0439901612007 5.37019345379e-08 2.67539511521 0.0439901612007 0.0439901612007 0.0439901612007 2.67539511521 0.117691062394
0.746342773437 0.0440540947189 0 2.67151244343 0.0440540947188 0.0440540947188 0.0440540947189 2.67151244343 0.117691062225
0.773090820312 0.044118035138 0 2.66764060752 0.044118035138 0.044118035138 0.044118035138 2.66764060752 0.117691062058
0.799838867187 0.044181982557 0 2.66377955628 0.044181982557 0.044181982557 0.044181982557 2.66377955628 0.117691061891
0.826586914062 0.0442459370749 0 2.65992923885 0.0442459370749 0.0442459370749 0.0442459370749 2.65992923885 0.117691061726
0.853334960938 0.0443098987907 0 2.65608960465 0.0443098987907 0.0443098987907 0.0443098987907 2.65608960465 0.117691061561
0.880083007813 0.0443738678034 0 2.65226060344 0.0443738678034 0.0443738678034 0.0443738678034 2.65226060344 0.117691061397
0.906831054688 0.0444378442123 7.0997694383e-08 2.64844218526 0.0444378442124 0.0444378442124 0.0444378442124 2.64844218526 0.117691061234
0.933579101563 0.0445018281168 1.03624202605e-08 2.64463430049 0.0445018281168 0.0445018281168 0.0445018281168 2.64463430049 0.117691061072
0.960327148438 0.044565819616 3.7221568138e-08 2.64083689978 0.044565819616 0.044565819616 0.044565819616 2.64083689978 0.117691060911
0.987075195312 0.0446298188094 2.68047370564e-08 2.6370499341 0.0446298188094 0.0446298188094 0.0446298188094 2.6370499341 0.11769106075
1.01382324219 0.0446938257965 0 2.63327335472 0.0446938257965 0.0446938257965 0.0446938257965 2.63327335472 0.11769106059
1.04057128906 0.044757840677 3.79054253107e-08 2.6295071132 0.044757840677 0.044757840677 0.044757840677 2.6295071132 0.117691060432
1.06731933594 0.0448218635505 5.59268568228e-08 2.6257511614 0.0448218635505 0.0448218635505 0.0448218635505 2.6257511614 0.117691060274
1.09406738281 0.0448858945169 0 2.62200545145 0.0448858945168 0.0448858945168 0.0448858945168 2.62200545145 0.117691060117
1.12081542969 0.0449499336756 0 2.61826993583 0.0449499336756 0.0449499336756 0.0449499336756 2.61826993583 0.11769105996
1.14756347656 0.0450139811279 0 2.61454456717 0.0450139811279 0.0450139811279 0.0450139811279 2.61454456717 0.117691059805
1.17431152344 0.0450780369687 0 2.61082929879 0.0450780369687 0.0450780369687 0.0450780369686 2.61082929879 0.11769105965
1.20105957031 0.0451421013204 3.93021786442e-09 2.60712408271 0.0451421013204 0.0451421013204 0.0451421013203 2.60712408271 0.117691059497
1.22780761719 0.045206174188 2.55027436396e-08 2.6034288779 0.045206174188 0.045206174188 0.045206174188 2.60342887791 0.117691059341
1.25455566406 0.0452702560764 4.14500822929e-08 2.59974361531 0.0452702560764 0.0452702560764 0.0452702560764 2.59974361531 0.117691059198
1.28130371094 0.045334345369 2.78749816896e-08 2.59606834632 0.045334345369 0.045334345369 0.045334345369 2.59606834632 0.117691059013
1.30805175781 0.0453984494552 8.02204724407e-09 2.59240261243 0.0453984494552 0.0453984494552 0.0453984494552 2.59240261243 0.117691058968
1.33479980469 0.0454625374936 0 2.58874812114 0.0454625374936 0.0454625374936 0.0454625374936 2.58874812115 0.117691058519
1.36154785156 0.0455267409391 0 2.58509738635 0.0455267409391 0.0455267409391 0.0455267409391 2.58509738635 0.117691059011
1.38829589844 0.0455905022707 0 2.58148195201 0.0455905022708 0.0455905022708 0.0455905022707 2.58148195201 0.117691058795
1.41504394531 0.045656188801 0 2.5777676734 0.045656188801 0.045656188801 0.045656188801 2.5777676734 0.117691047582
1.44179199219 0.0457137513375 0 2.57452378493 0.0457137513375 0.0457137513375 0.0457137513375 2.57452378493 0.117691140117
1.46854003906 0.158265475669 1.82585709675e-07 0.984024911128 0.158265475669 0.158265475668 0.158265475668 0.984024911129 0.155737170629
1.49528808594 0.225503706427 0 0.526564125573 0.225503706427 0.225503706427 0.225503706427 0.526564125573 0.118742161988
1.52203613281 0.22657173705 0 0.519417197247 0.226571737049 0.226571737049 0.22657173705 0.519417197246 0.117685256634
1.54878417969 0.226560800595 1.78214378157e-07 0.519468797045 0.226560800595 0.226560800595 0.226560800595 0.519468797045 0.117691266543
1.57553222656 0.226551643461 0 0.519488338193 0.226551643461 0.226551643461 0.226551643461 0.519488338193 0.117690936777
1.60228027344 0.22654206447 0 0.519510648819 0.22654206447 0.22654206447 0.22654206447 0.519510648819 0.117691014897
1.62902832031 0.226532583423 0 0.519532310754 0.226532583423 0.226532583423 0.226532583423 0.519532310754 0.117690996527
1.65577636719 0.226523077712 2.57033309795e-07 0.519554131383 0.226523077712 0.226523077712 0.226523077712 0.519554131383 0.117691000879
1.68252441406 0.226513576296 0 0.51957592026 0.226513576296 0.226513576296 0.226513576296 0.519575920261 0.117690999855
1.70927246094 0.226504072344 0 0.519597722373 0.226504072344 0.226504072344 0.226504072344 0.519597722373 0.117691000098
1.73602050781 0.226494567468 2.73139364759e-07 0.51961952711 0.226494567468 0.226494567468 0.226494567468 0.519619527111 0.117691000041
1.76276855469 0.226485061289 0 0.519641336982 0.226485061289 0.226485061289 0.226485061289 0.519641336982 0.117691000054
1.78951660156 0.226475553894 1.39097251371e-07 0.519663151398 0.226475553894 0.226475553894 0.226475553894 0.519663151398 0.117691000051
1.81626464844 0.226466045264 3.28809693867e-07 0.519684970499 0.226466045264 0.226466045264 0.226466045264 0.519684970499 0.117691000052
1.84301269531 0.226456535402 0 0.519706794255 0.226456535402 0.226456535402 0.226456535402 0.519706794256 0.117691000052
1.86976074219 0.226447024306 2.65467123579e-07 0.519728622677 0.226447024306 0.226447024306 0.226447024306 0.519728622677 0.117691000052
1.89650878906 0.226437511978 0 0.519750455762 0.226437511978 0.226437511978 0.226437511978 0.519750455762 0.117691000052
1.92325683594 0.226427998415 2.5766819656e-07 0.519772293514 0.226427998415 0.226427998415 0.226427998415 0.519772293514 0.117691000052
1.95000488281 0.226418483618 1.73382652561e-07 0.519794135934 0.226418483618 0.226418483618 0.226418483618 0.519794135935 0.117691000052
1.97675292969 0.226408967587 5.58883257626e-08 0.519815983025 0.226408967587 0.226408967587 0.226408967587 0.519815983026 0.117691000052
2.00350097656 0.226399450321 0 0.519837834788 0.226399450321 0.226399450321 0.226399450321 0.519837834789 0.117691000052
2.03024902344 0.226389931819 0 0.519859691226 0.226389931819 0.226389931819 0.226389931819 0.519859691226 0.117691000052
2.05699707031 0.226380412081 0 0.51988155234 0.226380412081 0.226380412081 0.226380412081 0.51988155234 0.117691000052
2.08374511719 0.226370891107 2.99326936452e-07 0.519903418132 0.226370891107 0.226370891107 0.226370891107 0.519903418131 0.117691000052
2.11049316406 0.226361368897 0 0.519925288603 0.226361368897 0.226361368897 0.226361368897 0.519925288602 0.117691000052
2.13724121094 0.226351845449 0 0.519947163755 0.226351845449 0.226351845449 0.226351845449 0.519947163755 0.117691000052
2.16398925781 0.226342320764 2.71776730748e-07 0.519969043592 0.226342320765 0.226342320765 0.226342320764 0.519969043591 0.117691000052
2.19073730469 0.226332794842 0 0.519990928113 0.226332794842 0.226332794842 0.226332794842 0.519990928113 0.117691000052
2.21748535156 0.226323267681 0 0.520012817322 0.226323267681 0.226323267681 0.226323267681 0.520012817322 0.117691000052
2.24423339844 0.226313739281 0 0.520034711221 0.226313739281 0.226313739281 0.226313739281 0.52003471122 0.117691000052
2.27098144531 0.226304209642 0 0.52005660981 0.226304209642 0.226304209642 0.226304209642 0.520056609809 0.117691000052
2.29772949219 0.226294678764 1.90251906072e-07 0.520078513092 0.226294678764 0.226294678764 0.226294678764 0.520078513091 0.117691000052
2.32447753906 0.226285146647 0 0.520100421069 0.226285146646 0.226285146646 0.226285146646 0.520100421068 0.117691000052
2.35122558594 0.226275613288 0 0.520122333742 0.226275613288 0.226275613288 0.226275613288 0.520122333742 0.117691000052
2.37797363281 0.226266078689 3.29343734201e-07 0.520144251114 0.226266078689 0.226266078689 0.226266078689 0.520144251114 0.117691000052
2.40472167969 0.226256542849 2.87380341292e-07 0.520166173187 0.226256542849 0.226256542849 0.226256542849 0.520166173187 0.117691000052
2.43146972656 0.226247005768 3.39593360522e-07 0.520188099961 0.226247005768 0.226247005768 0.226247005768 0.520188099962 0.117691000052
2.45821777344 0.226237467444 2.67096731806e-07 0.520210031441 0.226237467444 0.226237467444 0.226237467444 0.520210031441 0.117691000052
2.48496582031 0.226227927879 2.49297912058e-07 0.520231967626 0.226227927879 0.226227927879 0.226227927879 0.520231967626 0.117691000052
2.51171386719 0.226218387071 0 0.52025390852 0.226218387071 0.226218387071 0.226218387071 0.520253908519 0.117691000052
2.53846191406 0.226208845019 0 0.520275854123 0.226208845019 0.226208845019 0.226208845019 0.520275854122 0.117691000052
2.56520996094 0.226199301724 1.06267320922e-07 0.520297804438 0.226199301724 0.226199301724 0.226199301724 0.520297804437 0.117691000052
2.59195800781 0.226189757185 0 0.520319759466 0.226189757186 0.226189757186 0.226189757186 0.520319759466 0.117691000052
2.61870605469 0.226180211402 2.45332848487e-07 0.52034171921 0.226180211402 0.226180211402 0.226180211402 0.52034171921 0.117691000052
2.64545410156 0.226170664374 1.84133864837e-07 0.520363683672 0.226170664375 0.226170664375 0.226170664375 0.520363683672 0.117691000052
2.67220214844 0.226161116102 0 0.520385652853 0.226161116102 0.226161116102 0.226161116102 0.520385652853 0.117691000053
2.69895019531 0.226151566583 3.08161602777e-07 0.520407626756 0.226151566583 0.226151566583 0.226151566583 0.520407626755 0.117691000053
2.72569824219 0.226142015819 0 0.520429605381 0.226142015819 0.226142015819 0.226142015819 0.520429605381 0.117691000053
2.75244628906 0.226132463808 2.32578751183e-07 0.520451588731 0.226132463808 0.226132463808 0.226132463808 0.520451588731 0.117691000053
2.77919433594 0.22612291055 0 0.520473576809 0.22612291055 0.22612291055 0.22612291055 0.520473576809 0.117691000053
2.80594238281 0.226113356046 0 0.520495569616 0.226113356046 0.226113356046 0.226113356046 0.520495569615 0.117691000053
2.83269042969 0.226103800293 2.01568123843e-07 0.520517567152 0.226103800293 0.226103800293 0.226103800293 0.520517567152 0.117691000053
2.85943847656 0.226094243293 0 0.520539569422 0.226094243293 0.226094243293 0.226094243293 0.520539569422 0.117691000053
2.88618652344 0.226084685045 0 0.520561576427 0.226084685044 0.226084685044 0.226084685044 0.520561576427 0.117691000053
2.91293457031 0.226075125547 0 0.520583588168 0.226075125547 0.226075125547 0.226075125547 0.520583588168 0.117691000053
2.93968261719 0.2260655648 2.14476542504e-07 0.520605604647 0.2260655648 0.2260655648 0.2260655648 0.520605604647 0.117691000053
2.96643066406 0.226056002804 2.13197854963e-07 0.520627625867 0.226056002804 0.226056002804 0.226056002804 0.520627625867 0.117691000053
2.99317871094 0.226046439558 0 0.520649651828 0.226046439558 0.226046439558 0.226046439558 0.520649651829 0.117691000053
3.01992675781 0.226036875061 2.09592035221e-07 0.520671682535 0.226036875061 0.226036875061 0.226036875061 0.520671682535 0.117691000053
3.04667480469 0.226027309313 0 0.520693717987 0.226027309313 0.226027309313 0.226027309313 0.520693717987 0.117691000053
3.07342285156 0.226017742314 3.10502720864e-07 0.520715758187 0.226017742314 0.226017742314 0.226017742314 0.520715758187 0.117691000053
3.10017089844 0.226008174063 3.24678099528e-07 0.520737803136 0.226008174064 0.226008174064 0.226008174064 0.520737803136 0.117691000053
3.12691894531 0.225998604561 0 0.520759852838 0.225998604561 0.225998604561 0.225998604561 0.520759852838 0.117691000053
3.15366699219 0.225989033806 0 0.520781907294 0.225989033806 0.225989033806 0.225989033806 0.520781907293 0.117691000053
3.18041503906 0.225979461798 0 0.520803966505 0.225979461798 0.225979461798 0.225979461798 0.520803966504 0.117691000053
3.20716308594 0.225969888537 0 0.520826030473 0.225969888537 0.225969888537 0.225969888536 0.520826030473 0.117691000053
3.23391113281 0.225960314021 1.1262583497e-07 0.520848099201 0.225960314021 0.225960314021 0.225960314021 0.520848099201 0.117691000053
3.26065917969 0.225950738252 0 0.52087017269 0.225950738252 0.225950738252 0.225950738252 0.52087017269 0.117691000053
3.28740722656 0.225941161228 0 0.520892250943 0.225941161228 0.225941161228 0.225941161228 0.520892250943 0.117691000053
3.31415527344 0.22593158295 0 0.520914333961 0.22593158295 0.22593158295 0.22593158295 0.520914333961 0.117691000053
3.34090332031 0.225922003415 1.79332239941e-07 0.520936421746 0.225922003415 0.225922003415 0.225922003415 0.520936421746 0.117691000053
3.36765136719 0.225912422626 1.82767221921e-07 0.5209585143 0.225912422626 0.225912422626 0.225912422626 0.5209585143 0.117691000053
3.39439941406 0.225902840579 1.4848470958e-07 0.520980611626 0.225902840579 0.225902840579 0.225902840579 0.520980611625 0.117691000053
3.42114746094 0.225893257277 0 0.521002713723 0.225893257277 0.225893257277 0.225893257277 0.521002713724 0.117691000053
3.44789550781 0.225883672717 0 0.521024820596 0.225883672717 0.225883672717 0.225883672717 0.521024820597 0.117691000053
3.47464355469 0.2258740869 0 0.521046932246 0.2258740869 0.2258740869 0.2258740869 0.521046932246 0.117691000053
3.50139160156 0.225864499825 0 0.521069048675 0.225864499825 0.225864499825 0.225864499825 0.521069048675 0.117691000053
3.52813964844 0.225854911491 3.3602965555e-07 0.521091169884 0.225854911491 0.225854911491 0.225854911491 0.521091169884 0.117691000053
3.55488769531 0.225845321899 0 0.521113295876 0.225845321899 0.225845321899 0.225845321899 0.521113295876 0.117691000053
3.58163574219 0.225835731048 0 0.521135426652 0.225835731048 0.225835731048 0.225835731048 0.521135426652 0.117691000053
3.60838378906 0.225826138938 0 0.521157562215 0.225826138937 0.225826138937 0.225826138937 0.521157562215 0.117691000053
3.63513183594 0.225816545567 1.75353916758e-07 0.521179702567 0.225816545567 0.225816545567 0.225816545567 0.521179702567 0.117691000053
3.66187988281 0.225806950936 2.25873333479e-07 0.521201847708 0.225806950936 0.225806950936 0.225806950936 0.521201847708 0.117691000053
3.68862792969 0.225797355044 0 0.521223997642 0.225797355044 0.225797355044 0.225797355044 0.521223997642 0.117691000053
3.71537597656 0.225787757892 1.12641505699e-07 0.521246152371 0.225787757892 0.225787757892 0.225787757891 0.52124615237 0.117691000053
3.74212402344 0.225778159477 3.13042640855e-07 0.521268311895 0.225778159477 0.225778159477 0.225778159477 0.521268311895 0.117691000053
3.76887207031 0.2257685598 2.52476293507e-07 0.521290476217 0.225768559801 0.225768559801 0.225768559801 0.521290476217 0.117691000053
3.79562011719 0.225758958862 0 0.521312645339 0.225758958862 0.225758958862 0.225758958862 0.521312645339 0.117691000053
3.82236816406 0.22574935666 0 0.521334819264 0.22574935666 0.22574935666 0.22574935666 0.521334819264 0.117691000053
3.84911621094 0.225739753195 0 0.521356997993 0.225739753195 0.225739753195 0.225739753195 0.521356997993 0.117691000053
3.87586425781 0.225730148466 3.17579728696e-08 0.521379181527 0.225730148466 0.225730148466 0.225730148466 0.521379181527 0.117691000053
3.90261230469 0.225720542474 0 0.52140136987 0.225720542474 0.225720542474 0.225720542474 0.521401369869 0.117691000053
3.92936035156 0.225710935216 0 0.521423563022 0.225710935216 0.225710935216 0.225710935216 0.521423563021 0.117691000053
3.95610839844 0.225701326694 2.54150171583e-07 0.521445760985 0.225701326694 0.225701326694 0.225701326694 0.521445760985 0.117691000053
3.98285644531 0.225691716907 3.25746268909e-07 0.521467963763 0.225691716907 0.225691716907 0.225691716907 0.521467963763 0.117691000053
4.00960449219 0.225682105853 2.60964888011e-07 0.521490171356 0.225682105853 0.225682105853 0.225682105853 0.521490171356 0.117691000053
4.03635253906 0.225672493534 1.63983522292e-07 0.521512383766 0.225672493534 0.225672493534 0.225672493534 0.521512383767 0.117691000053
4.06310058594 0.225662879948 0 0.521534600997 0.225662879948 0.225662879948 0.225662879948 0.521534600997 0.117691000053
4.08984863281 0.225653265095 0 0.521556823049 0.225653265095 0.225653265095 0.225653265095 0.521556823049 0.117691000053
4.11659667969 0.225643648974 1.39506442194e-07 0.521579049924 0.225643648974 0.225643648974 0.225643648974 0.521579049925 0.117691000054
4.14334472656 0.225634031586 0 0.521601281625 0.225634031586 0.225634031586 0.225634031586 0.521601281625 0.117691000054
4.17009277344 0.225624412929 3.35045088226e-07 0.521623518154 0.225624412929 0.225624412929 0.225624412929 0.521623518154 0.117691000054
4.19684082031 0.225614793004 1.00880244736e-07 0.521645759511 0.225614793004 0.225614793004 0.225614793004 0.521645759512 0.117691000054
4.22358886719 0.225605171809 1.98923641124e-07 0.521668005701 0.225605171809 0.225605171809 0.225605171809 0.521668005701 0.117691000054
4.25033691406 0.225595549345 1.7894803878e-07 0.521690256723 0.225595549345 0.225595549345 0.225595549345 0.521690256723 0.117691000054
4.27708496094 0.225585925611 3.28264186949e-07 0.521712512581 0.225585925612 0.225585925612 0.225585925612 0.521712512581 0.117691000054
4.30383300781 0.225576300607 0 0.521734773275 0.225576300607 0.225576300607 0.225576300607 0.521734773276 0.117691000054
4.33058105469 0.225566674332 0 0.52175703881 0.225566674332 0.225566674332 0.225566674332 0.52175703881 0.117691000054
4.35732910156 0.225557046786 2.27761458515e-07 0.521779309185 0.225557046786 0.225557046786 0.225557046786 0.521779309185 0.117691000054
4.38407714844 0.225547417968 1.74412355097e-07 0.521801584404 0.225547417968 0.225547417968 0.225547417968 0.521801584403 0.117691000054
4.41082519531 0.225537787878 0 0.521823864467 0.225537787878 0.225537787878 0.225537787878 0.521823864467 0.117691000054
4.43757324219 0.225528156515 2.54579557737e-07 0.521846149377 0.225528156515 0.225528156515 0.225528156515 0.521846149378 0.117691000054
4.46432128906 0.22551852388 2.39276727459e-07 0.521868439137 0.22551852388 0.22551852388 0.22551852388 0.521868439138 0.117691000054
4.49106933594 0.225508889971 3.19746915247e-07 0.521890733748 0.225508889971 0.225508889971 0.225508889971 0.521890733748 0.117691000054
4.51781738281 0.225499254789 0 0.521913033213 0.225499254789 0.225499254789 0.225499254789 0.521913033212 0.117691000054
4.54456542969 0.225489618332 0 0.521935337531 0.225489618332 0.225489618332 0.225489618332 0.521935337531 0.117691000054
4.57131347656 0.225479980601 0 0.521957646707 0.225479980601 0.225479980601 0.225479980601 0.521957646707 0.117691000054
4.59806152344 0.225470341594 3.63886284782e-07 0.521979960742 0.225470341594 0.225470341594 0.225470341594 0.521979960742 0.117691000054
4.62480957031 0.225460701313 1.92029801558e-07 0.522002279637 0.225460701313 0.225460701313 0.225460701313 0.522002279637 0.117691000054
4.65155761719 0.225451059755 2.56427182598e-07 0.522024603396 0.225451059755 0.225451059755 0.225451059755 0.522024603396 0.117691000054
4.67830566406 0.225441416921 0 0.52204693202 0.225441416921 0.225441416921 0.225441416921 0.52204693202 0.117691000054
4.70505371094 0.22543177281 2.48828033378e-07 0.52206926551 0.225431772811 0.225431772811 0.225431772811 0.52206926551 0.117691000054
4.73180175781 0.225422127423 3.22353001491e-07 0.52209160387 0.225422127423 0.225422127423 0.225422127423 0.52209160387 0.117691000054
4.75854980469 0.225412480758 0 0.5221139471 0.225412480758 0.225412480758 0.225412480758 0.5221139471 0.117691000054
4.78529785156 0.225402832815 0 0.522136295203 0.225402832814 0.225402832814 0.225402832814 0.522136295203 0.117691000054
4.81204589844 0.225393183593 1.67003361965e-07 0.52215864818 0.225393183593 0.225393183593 0.225393183593 0.522158648181 0.117691000054
4.83879394531 0.225383533092 2.53800938261e-07 0.522181006036 0.225383533092 0.225383533092 0.225383533092 0.522181006036 0.117691000054
4.86554199219 0.225373881313 0 0.52220336877 0.225373881313 0.225373881313 0.225373881313 0.522203368769 0.117691000054
4.89229003906 0.225364228253 0 0.522225736383 0.225364228253 0.225364228253 0.225364228253 0.522225736384 0.117691000054
4.91903808594 0.225354573914 0 0.522248108881 0.225354573914 0.225354573914 0.225354573914 0.522248108881 0.117691000054
4.94578613281 0.225344918294 0 0.522270486263 0.225344918294 0.225344918294 0.225344918293 0.522270486263 0.117691000054
4.97253417969 0.225335261392 1.26546575673e-07 0.522292868532 0.225335261392 0.225335261392 0.225335261392 0.522292868532 0.117691000054
4.99928222656 0.22532560321 2.65820179013e-07 0.52231525569 0.22532560321 0.22532560321 0.22532560321 0.52231525569 0.117691000054
5.02603027344 0.225315943746 0 0.522337647738 0.225315943746 0.225315943746 0.225315943746 0.522337647738 0.117691000054
5.05277832031 0.225306282999 1.74913501955e-07 0.52236004468 0.225306282999 0.225306282999 0.225306282999 0.52236004468 0.117691000054
5.07952636719 0.22529662097 0 0.522382446516 0.22529662097 0.22529662097 0.22529662097 0.522382446516 0.117691000054
5.10627441406 0.225286957658 0 0.522404853249 0.225286957658 0.225286957658 0.225286957658 0.522404853249 0.117691000054
5.13302246094 0.225277293062 0 0.52242726488 0.225277293062 0.225277293062 0.225277293062 0.522427264881 0.117691000054
5.15977050781 0.225267627183 0 0.522449681414 0.225267627182 0.225267627182 0.225267627182 0.522449681413 0.117691000054
5.18651855469 0.225257960018 0 0.522472102849 0.225257960018 0.225257960018 0.225257960018 0.522472102849 0.117691000054
5.21326660156 0.22524829157 0 0.522494529189 0.225248291569 0.225248291569 0.225248291569 0.522494529189 0.117691000054
5.24001464844 0.225238621835 2.38367785385e-07 0.522516960436 0.225238621835 0.225238621835 0.225238621835 0.522516960437 0.117691000054
5.26676269531 0.225228950815 1.59343548031e-07 0.522539396592 0.225228950815 0.225228950815 0.225228950815 0.522539396593 0.117691000054
5.29351074219 0.22521927851 0 0.52256183766 0.22521927851 0.22521927851 0.22521927851 0.52256183766 0.117691000054
5.32025878906 0.225209604917 0 0.522584283639 0.225209604917 0.225209604917 0.225209604917 0.522584283639 0.117691000054
5.34700683594 0.225199930038 1.84449684559e-07 0.522606734534 0.225199930038 0.225199930038 0.225199930038 0.522606734534 0.117691000054
5.37375488281 0.225190253871 1.60404757178e-07 0.522629190346 0.225190253871 0.225190253871 0.225190253871 0.522629190346 0.117691000054
5.40050292969 0.225180576416 1.68364747031e-07 0.522651651076 0.225180576416 0.225180576416 0.225180576416 0.522651651076 0.117691000054
5.42725097656 0.225170897673 3.33211715838e-07 0.522674116727 0.225170897674 0.225170897674 0.225170897674 0.522674116728 0.117691000054
5.45399902344 0.225161217642 2.73494560076e-07 0.522696587302 0.225161217642 0.225161217642 0.225161217642 0.522696587302 0.117691000054
5.48074707031 0.225151536322 0 0.522719062802 0.225151536322 0.225151536322 0.225151536322 0.522719062802 0.117691000054
5.50749511719 0.225141853711 3.00517770396e-07 0.522741543229 0.225141853711 0.225141853711 0.225141853712 0.522741543229 0.117691000054
5.53424316406 0.225132169812 0 0.522764028585 0.225132169811 0.225132169811 0.225132169811 0.522764028584 0.117691000055
5.56099121094 0.225122484621 2.50451289332e-07 0.522786518871 0.225122484621 0.225122484621 0.225122484621 0.522786518871 0.117691000055
5.58773925781 0.22511279814 0 0.52280901409 0.22511279814 0.22511279814 0.22511279814 0.52280901409 0.117691000055
5.61448730469 0.225103110367 0 0.522831514246 0.225103110367 0.225103110367 0.225103110367 0.522831514245 0.117691000055
5.64123535156 0.225093421303 0 0.522854019337 0.225093421303 0.225093421303 0.225093421303 0.522854019337 0.117691000055
5.66798339844 0.225083730947 0 0.522876529369 0.225083730946 0.225083730946 0.225083730946 0.522876529368 0.117691000055
5.69473144531 0.225074039298 7.53153159484e-08 0.522899044341 0.225074039298 0.225074039298 0.225074039298 0.522899044341 0.117691000055
5.72147949219 0.225064346355 2.09492463775e-07 0.522921564256 0.225064346356 0.225064346356 0.225064346356 0.522921564256 0.117691000055
5.74822753906 0.22505465212 2.38265533206e-07 0.522944089118 0.22505465212 0.22505465212 0.22505465212 0.522944089117 0.117691000055
5.77497558594 0.225044956591 0 0.522966618926 0.225044956591 0.225044956591 0.225044956591 0.522966618925 0.117691000055
5.80172363281 0.225035259768 0 0.522989153682 0.225035259768 0.225035259768 0.225035259768 0.522989153683 0.117691000055
5.82847167969 0.225025561649 0 0.523011693392 0.225025561649 0.225025561649 0.225025561649 0.523011693392 0.117691000055
5.85521972656 0.225015862236 0 0.523034238054 0.225015862236 0.225015862236 0.225015862236 0.523034238054 0.117691000055
5.88196777344 0.225006161527 1.53759475102e-07 0.523056787671 0.225006161527 0.225006161527 0.225006161527 0.523056787672 0.117691000055
5.90871582031 0.224996459522 1.42577078512e-07 0.523079342247 0.224996459522 0.224996459522 0.224996459522 0.523079342247 0.117691000055
5.93546386719 0.224986756221 1.9230499719e-07 0.523101901782 0.224986756221 0.224986756221 0.224986756221 0.523101901782 0.117691000055
5.96221191406 0.224977051622 4.02746166246e-08 0.523124466278 0.224977051623 0.224977051623 0.224977051622 0.523124466278 0.117691000055
5.98895996094 0.224967345727 0 0.523147035738 0.224967345727 0.224967345727 0.224967345727 0.523147035738 0.117691000055
6.01570800781 0.224957638534 0 0.523169610164 0.224957638533 0.224957638533 0.224957638533 0.523169610164 0.117691000055
6.04245605469 0.224947930042 3.63609728478e-07 0.523192189557 0.224947930042 0.224947930042 0.224947930042 0.523192189557 0.117691000055
6.06920410156 0.224938220252 0 0.52321477392 0.224938220252 0.224938220252 0.224938220252 0.52321477392 0.117691000055
6.09595214844 0.224928509162 0 0.523237363255 0.224928509162 0.224928509162 0.224928509162 0.523237363255 0.117691000055
6.12270019531 0.224918796773 3.32122764317e-07 0.523259957564 0.224918796773 0.224918796773 0.224918796774 0.523259957563 0.117691000055
6.14944824219 0.224909083085 2.79934561702e-07 0.523282556848 0.224909083085 0.224909083085 0.224909083085 0.523282556848 0.117691000055
6.17619628906 0.224899368096 2.97384493465e-07 0.523305161111 0.224899368096 0.224899368096 0.224899368096 0.523305161111 0.117691000055
6.20294433594 0.224889651806 0 0.523327770354 0.224889651806 0.224889651806 0.224889651806 0.523327770353 0.117691000055
6.22969238281 0.224879934215 3.65463204551e-08 0.523350384578 0.224879934214 0.224879934214 0.224879934215 0.523350384578 0.117691000055
6.25644042969 0.224870215321 2.79916799828e-07 0.523373003787 0.224870215322 0.224870215322 0.224870215322 0.523373003787 0.117691000055
6.28318847656 0.224860495126 3.62250850939e-07 0.523395627981 0.224860495127 0.224860495127 0.224860495127 0.523395627982 0.117691000055
6.30993652344 0.224850773629 7.89861098482e-08 0.523418257165 0.224850773629 0.224850773629 0.224850773629 0.523418257165 0.117691000055
6.33668457031 0.224841050829 0 0.523440891338 0.224841050828 0.224841050828 0.224841050829 0.523440891338 0.117691000055
6.36343261719 0.224831326725 0 0.523463530504 0.224831326725 0.224831326725 0.224831326725 0.523463530504 0.117691000055
6.39018066406 0.224821601316 3.4596261824e-07 0.523486174665 0.224821601317 0.224821601317 0.224821601317 0.523486174664 0.117691000055
6.41692871094 0.224811874605 0 0.523508823821 0.224811874604 0.224811874604 0.224811874604 0.523508823821 0.117691000055
6.44367675781 0.224802146588 0 0.523531477977 0.224802146587 0.224802146587 0.224802146587 0.523531477976 0.117691000055
6.47042480469 0.224792417265 2.81632147348e-07 0.523554137133 0.224792417265 0.224792417265 0.224792417265 0.523554137132 0.117691000055
6.49717285156 0.224782686637 2.41888504739e-07 0.523576801291 0.224782686637 0.224782686637 0.224782686637 0.523576801291 0.117691000055
6.52392089844 0.224772954703 2.76025837954e-07 0.523599470454 0.224772954704 0.224772954704 0.224772954704 0.523599470454 0.117691000055
6.55066894531 0.224763221463 2.38468670301e-07 0.523622144624 0.224763221463 0.224763221463 0.224763221463 0.523622144624 0.117691000055
6.57741699219 0.224753486916 0 0.523644823803 0.224753486916 0.224753486916 0.224753486916 0.523644823803 0.117691000055
6.60416503906 0.224743751061 0 0.523667507993 0.224743751061 0.224743751061 0.224743751061 0.523667507993 0.117691000055
6.63091308594 0.224734013899 1.10097983232e-07 0.523690197197 0.224734013899 0.224734013899 0.224734013899 0.523690197197 0.117691000055
6.65766113281 0.224724275428 0 0.523712891414 0.224724275428 0.224724275428 0.224724275428 0.523712891415 0.117691000055
6.68440917969 0.224714535648 0 0.52373559065 0.224714535648 0.224714535648 0.224714535648 0.52373559065 0.117691000055
6.71115722656 0.224704794559 1.96835297528e-07 0.523758294904 0.224704794559 0.224704794559 0.224704794559 0.523758294905 0.117691000055
6.73790527344 0.224695052161 0 0.523781004181 0.224695052161 0.224695052161 0.224695052161 0.523781004181 0.117691000055
6.76465332031 0.224685308453 2.31626440876e-07 0.523803718481 0.224685308453 0.224685308453 0.224685308453 0.52380371848 0.117691000055
6.79140136719 0.224675563434 0 0.523826437805 0.224675563434 0.224675563434 0.224675563434 0.523826437805 0.117691000055
6.81814941406 0.224665817104 0 0.523849162158 0.224665817104 0.224665817104 0.224665817104 0.523849162158 0.117691000055
6.84489746094 0.224656069463 3.19925038946e-07 0.52387189154 0.224656069463 0.224656069463 0.224656069463 0.52387189154 0.117691000055
6.87164550781 0.22464632051 3.58389214352e-08 0.523894625955 0.22464632051 0.22464632051 0.22464632051 0.523894625954 0.117691000055
6.89839355469 0.224636570245 0 0.523917365402 0.224636570245 0.224636570245 0.224636570245 0.523917365402 0.117691000055
6.92514160156 0.224626818667 0 0.523940109885 0.224626818667 0.224626818667 0.224626818667 0.523940109886 0.117691000056
6.95188964844 0.224617065775 2.64278338301e-07 0.523962859407 0.224617065776 0.224617065776 0.224617065776 0.523962859408 0.117691000056
6.97863769531 0.224607311571 0 0.52398561397 0.224607311571 0.224607311571 0.224607311571 0.52398561397 0.117691000056
7.00538574219 0.224597556052 2.91798032179e-07 0.524008373573 0.224597556052 0.224597556052 0.224597556052 0.524008373574 0.117691000056
7.03213378906 0.224587799219 0 0.524031138222 0.224587799219 0.224587799219 0.224587799219 0.524031138222 0.117691000056
7.05888183594 0.224578041071 0 0.524053907917 0.224578041071 0.224578041071 0.224578041071 0.524053907917 0.117691000056
7.08562988281 0.224568281607 2.16156103496e-07 0.52407668266 0.224568281608 0.224568281608 0.224568281608 0.52407668266 0.117691000056
7.11237792969 0.224558520828 3.26837773836e-07 0.524099462455 0.224558520828 0.224558520828 0.224558520828 0.524099462454 0.117691000056
7.13912597656 0.224548758733 1.83905562911e-07 0.524122247301 0.224548758733 0.224548758733 0.224548758733 0.524122247301 0.117691000056
7.16587402344 0.22453899532 3.42018047757e-07 0.524145037202 0.22453899532 0.22453899532 0.224538995321 0.524145037203 0.117691000056
7.19262207031 0.224529230591 2.17341344641e-07 0.524167832161 0.224529230591 0.224529230591 0.224529230591 0.524167832161 0.117691000056
7.21937011719 0.224519464544 2.47497628726e-07 0.524190632179 0.224519464544 0.224519464544 0.224519464544 0.524190632178 0.117691000056
7.24611816406 0.224509697179 0 0.524213437256 0.224509697179 0.224509697179 0.224509697179 0.524213437257 0.117691000056
7.27286621094 0.224499928496 2.41226126255e-07 0.524236247398 0.224499928496 0.224499928496 0.224499928496 0.524236247398 0.117691000056
7.29961425781 0.224490158493 1.52301114354e-07 0.524259062605 0.224490158493 0.224490158493 0.224490158493 0.524259062605 0.117691000056
7.32636230469 0.224480387171 1.18929468083e-07 0.52428188288 0.224480387172 0.224480387172 0.224480387172 0.52428188288 0.117691000056
7.35311035156 0.22447061453 0 0.524304708223 0.22447061453 0.22447061453 0.22447061453 0.524304708223 0.117691000056
7.37985839844 0.224460840568 0 0.524327538639 0.224460840568 0.224460840568 0.224460840568 0.524327538639 0.117691000056
7.40660644531 0.224451065285 0 0.524350374128 0.224451065285 0.224451065285 0.224451065285 0.524350374128 0.117691000056
7.43335449219 0.224441288682 3.00322744872e-07 0.524373214693 0.224441288682 0.224441288682 0.224441288682 0.524373214693 0.117691000056
7.46010253906 0.224431510756 0 0.524396060337 0.224431510756 0.224431510756 0.224431510756 0.524396060336 0.117691000056
7.48685058594 0.224421731509 2.2662654617e-07 0.52441891106 0.224421731509 0.224421731509 0.224421731509 0.52441891106 0.117691000056
7.51359863281 0.224411950939 2.0019971909e-07 0.524441766864 0.224411950939 0.224411950939 0.224411950939 0.524441766865 0.117691000056
7.54034667969 0.224402169046 8.85504154563e-08 0.524464627755 0.224402169046 0.224402169046 0.224402169046 0.524464627755 0.117691000056
7.56709472656 0.22439238583 0 0.524487493731 0.224392385829 0.224392385829 0.22439238583 0.524487493731 0.117691000056
7.59384277344 0.224382601289 2.13555186105e-07 0.524510364796 0.224382601289 0.224382601289 0.224382601289 0.524510364796 0.117691000056
7.62059082031 0.224372815425 0 0.524533240951 0.224372815425 0.224372815425 0.224372815425 0.524533240951 0.117691000056
7.64733886719 0.224363028235 2.38845287972e-07 0.524556122199 0.224363028236 0.224363028236 0.224363028235 0.524556122199 0.117691000056
7.67408691406 0.224353239721 0 0.524579008542 0.224353239721 0.224353239721 0.224353239721 0.524579008542 0.117691000056
7.70083496094 0.224343449881 1.31458793552e-07 0.524601899983 0.224343449881 0.224343449881 0.224343449881 0.524601899982 0.117691000056
7.72758300781 0.224333658715 0 0.524624796522 0.224333658715 0.224333658715 0.224333658715 0.524624796522 0.117691000056
7.75433105469 0.224323866222 0 0.524647698162 0.224323866222 0.224323866222 0.224323866222 0.524647698162 0.117691000056
7.78107910156 0.224314072402 0 0.524670604907 0.224314072402 0.224314072402 0.224314072402 0.524670604907 0.117691000056
7.80782714844 0.224304277255 2.62770098479e-07 0.524693516756 0.224304277255 0.224304277255 0.224304277255 0.524693516756 0.117691000056
7.83457519531 0.22429448078 0 0.524716433714 0.224294480779 0.224294480779 0.224294480779 0.524716433714 0.117691000056
7.86132324219 0.224284682976 0 0.524739355781 0.224284682976 0.224284682976 0.224284682976 0.524739355781 0.117691000056
7.88807128906 0.224274883843 2.03176478967e-07 0.524762282959 0.224274883843 0.224274883843 0.224274883843 0.52476228296 0.117691000056
7.91481933594 0.224265083382 2.91946269417e-07 0.524785215253 0.224265083382 0.224265083382 0.224265083382 0.524785215253 0.117691000056
7.94156738281 0.22425528159 0 0.524808152663 0.22425528159 0.22425528159 0.22425528159 0.524808152663 0.117691000056
7.96831542969 0.224245478469 0 0.524831095191 0.224245478469 0.224245478469 0.224245478469 0.524831095191 0.117691000056
7.99506347656 0.224235674016 3.5875508773e-07 0.524854042839 0.224235674016 0.224235674016 0.224235674016 0.524854042839 0.117691000056
8.02181152344 0.224225868233 0 0.524876995611 0.224225868233 0.224225868233 0.224225868233 0.52487699561 0.117691000056
8.04855957031 0.224216061119 0 0.524899953506 0.224216061118 0.224216061118 0.224216061118 0.524899953506 0.117691000056
8.07530761719 0.224206252672 1.07733876756e-07 0.524922916529 0.224206252671 0.224206252671 0.224206252671 0.524922916529 0.117691000056
8.10205566406 0.224196442892 0 0.524945884681 0.224196442892 0.224196442892 0.224196442892 0.524945884681 0.117691000056
8.12880371094 0.22418663178 3.17731397282e-07 0.524968857964 0.22418663178 0.22418663178 0.22418663178 0.524968857964 0.117691000056
8.15555175781 0.224176819335 0 0.524991836381 0.224176819335 0.224176819335 0.224176819334 0.524991836381 0.117691000056
8.18229980469 0.224167005555 1.7088037247e-07 0.525014819933 0.224167005555 0.224167005555 0.224167005555 0.525014819933 0.117691000056
8.20904785156 0.224157190441 2.90833232473e-07 0.525037808622 0.224157190442 0.224157190442 0.224157190442 0.525037808623 0.117691000056
8.23579589844 0.224147373993 0 0.525060802452 0.224147373993 0.224147373993 0.224147373993 0.525060802453 0.117691000057
8.26254394531 0.22413755621 0 0.525083801425 0.22413755621 0.22413755621 0.22413755621 0.525083801424 0.117691000057
8.28929199219 0.22412773709 2.53569462504e-07 0.52510680554 0.22412773709 0.22412773709 0.224127737091 0.52510680554 0.117691000057
8.31604003906 0.224117916635 7.06069376876e-08 0.525129814803 0.224117916635 0.224117916635 0.224117916635 0.525129814802 0.117691000057
8.34278808594 0.224108094844 0 0.525152829212 0.224108094844 0.224108094844 0.224108094844 0.525152829213 0.117691000057
8.36953613281 0.224098271715 2.33549852904e-07 0.525175848774 0.224098271715 0.224098271715 0.224098271715 0.525175848774 0.117691000057
8.39628417969 0.224088447248 3.29057930521e-07 0.525198873488 0.224088447248 0.224088447248 0.224088447249 0.525198873488 0.117691000057
8.42303222656 0.224078621444 1.50266529869e-07 0.525221903357 0.224078621444 0.224078621444 0.224078621444 0.525221903357 0.117691000057
8.44978027344 0.224068794302 0 0.525244938383 0.224068794302 0.224068794302 0.224068794302 0.525244938383 0.117691000057
8.47652832031 0.224058965821 0 0.525267978568 0.224058965821 0.224058965821 0.22405896582 0.525267978569 0.117691000057
8.50327636719 0.224049136 2.22558867158e-07 0.525291023915 0.224049136 0.224049136 0.224049136 0.525291023915 0.117691000057
8.53002441406 0.224039304839 2.24036558529e-07 0.525314074425 0.224039304839 0.224039304839 0.224039304839 0.525314074426 0.117691000057
8.55677246094 0.224029472339 0 0.525337130102 0.224029472339 0.224029472339 0.224029472339 0.525337130102 0.117691000057
8.58352050781 0.224019638497 3.38844502949e-07 0.525360190946 0.224019638498 0.224019638498 0.224019638498 0.525360190946 0.117691000057
8.61026855469 0.224009803315 4.62936937986e-08 0.525383256961 0.224009803315 0.224009803315 0.224009803315 0.52538325696 0.117691000057
8.63701660156 0.223999966791 2.66002666372e-07 0.525406328147 0.223999966791 0.223999966791 0.223999966791 0.525406328147 0.117691000057
8.66376464844 0.223990128925 0 0.525429404507 0.223990128925 0.223990128925 0.223990128925 0.525429404508 0.117691000057
8.69051269531 0.223980289717 0 0.525452486046 0.223980289717 0.223980289717 0.223980289717 0.525452486045 0.117691000057
8.71726074219 0.223970449165 2.96957482285e-07 0.525475572761 0.223970449165 0.223970449165 0.223970449165 0.525475572762 0.117691000057
8.74400878906 0.22396060727 2.64732172299e-07 0.52549866466 0.22396060727 0.22396060727 0.22396060727 0.525498664659 0.117691000057
8.77075683594 0.223950764032 2.96690197832e-07 0.525521761739 0.223950764032 0.223950764032 0.223950764032 0.52552176174 0.117691000057
8.79750488281 0.223940919449 1.21395565357e-07 0.525544864005 0.223940919449 0.223940919449 0.223940919449 0.525544864006 0.117691000057
8.82425292969 0.223931073521 0 0.525567971459 0.223931073521 0.223931073521 0.223931073521 0.525567971459 0.117691000057
8.85100097656 0.223921226248 0 0.525591084103 0.223921226248 0.223921226248 0.223921226248 0.525591084102 0.117691000057
8.87774902344 0.223911377629 0 0.525614201938 0.223911377629 0.223911377629 0.223911377629 0.525614201937 0.117691000057
8.90449707031 0.223901527664 0 0.525637324967 0.223901527664 0.223901527664 0.223901527664 0.525637324966 0.117691000057
8.93124511719 0.223891676352 0 0.525660453191 0.223891676352 0.223891676352 0.223891676352 0.525660453192 0.117691000057
8.95799316406 0.223881823693 2.88644246802e-07 0.525683586616 0.223881823693 0.223881823693 0.223881823693 0.525683586616 0.117691000057
8.98474121094 0.223871969687 1.10942107508e-07 0.52570672524 0.223871969687 0.223871969687 0.223871969687 0.52570672524 0.117691000057
9.01148925781 0.223862114332 0 0.525729869068 0.223862114332 0.223862114332 0.223862114332 0.525729869068 0.117691000057
9.03823730469 0.223852257629 1.31544750152e-07 0.5257530181 0.223852257629 0.223852257629 0.223852257629 0.5257530181 0.117691000057
9.06498535156 0.223842399577 2.32749202475e-07 0.52577617234 0.223842399577 0.223842399577 0.223842399577 0.52577617234 0.117691000057
9.09173339844 0.223832540176 0 0.525799331788 0.223832540176 0.223832540176 0.223832540176 0.525799331789 0.117691000057
9.11848144531 0.223822679425 0 0.52582249645 0.223822679425 0.223822679425 0.223822679425 0.525822496449 0.117691000057
9.14522949219 0.223812817323 1.49612406377e-07 0.525845666324 0.223812817323 0.223812817323 0.223812817323 0.525845666324 0.117691000057
9.17197753906 0.223802953871 3.48170586028e-07 0.525868841415 0.223802953871 0.223802953871 0.223802953871 0.525868841414 0.117691000057
9.19872558594 0.223793089067 0 0.525892021723 0.223793089067 0.223793089067 0.223793089067 0.525892021723 0.117691000057
9.22547363281 0.223783222912 0 0.525915207252 0.223783222912 0.223783222912 0.223783222912 0.525915207252 0.117691000057
9.25222167969 0.223773355404 0 0.525938398003 0.223773355404 0.223773355404 0.223773355404 0.525938398004 0.117691000057
9.27896972656 0.223763486544 7.66021754003e-08 0.525961593981 0.223763486544 0.223763486544 0.223763486544 0.52596159398 0.117691000057
9.30571777344 0.223753616331 0 0.525984795184 0.223753616331 0.223753616331 0.223753616331 0.525984795184 0.117691000057
9.33246582031 0.223743744763 3.03235895878e-07 0.526008001616 0.223743744764 0.223743744764 0.223743744764 0.526008001617 0.117691000057
9.35921386719 0.223733871843 0 0.526031213281 0.223733871842 0.223733871842 0.223733871842 0.526031213281 0.117691000057
9.38596191406 0.223723997567 0 0.526054430179 0.223723997567 0.223723997567 0.223723997567 0.526054430179 0.117691000057
9.41270996094 0.223714121936 1.50966850663e-07 0.526077652313 0.223714121936 0.223714121936 0.223714121936 0.526077652313 0.117691000057
9.43945800781 0.22370424495 1.19016575058e-07 0.526100879685 0.22370424495 0.22370424495 0.22370424495 0.526100879685 0.117691000057
9.46620605469 0.223694366608 2.5843658009e-07 0.526124112297 0.223694366608 0.223694366608 0.223694366608 0.526124112297 0.117691000057
9.49295410156 0.22368448691 0 0.526147350152 0.22368448691 0.22368448691 0.223684486909 0.526147350152 0.117691000057
9.51970214844 0.223674605854 0 0.526170593251 0.223674605854 0.223674605854 0.223674605854 0.526170593251 0.117691000057
9.54645019531 0.223664723441 2.55983672939e-07 0.526193841598 0.223664723441 0.223664723441 0.223664723441 0.526193841598 0.117691000058
9.57319824219 0.223654839671 1.7721159056e-07 0.526217095194 0.223654839671 0.223654839671 0.223654839671 0.526217095193 0.117691000058
9.59994628906 0.223644954542 0 0.52624035404 0.223644954542 0.223644954542 0.223644954542 0.52624035404 0.117691000058
9.62669433594 0.223635068055 2.65277938269e-07 0.526263618141 0.223635068055 0.223635068055 0.223635068055 0.526263618141 0.117691000058
9.65344238281 0.223625180208 0 0.526286887497 0.223625180208 0.223625180208 0.223625180208 0.526286887497 0.117691000058
9.68019042969 0.223615291001 3.12203165569e-07 0.526310162111 0.223615291001 0.223615291001 0.223615291001 0.526310162112 0.117691000058
9.70693847656 0.223605400435 0 0.526333441987 0.223605400435 0.223605400435 0.223605400435 0.526333441986 0.117691000058
9.73368652344 0.223595508508 0 0.526356727124 0.223595508508 0.223595508508 0.223595508508 0.526356727124 0.117691000058
9.76043457031 0.223585615219 2.26432795693e-07 0.526380017525 0.223585615219 0.223585615219 0.223585615219 0.526380017526 0.117691000058
9.78718261719 0.22357572057 0 0.526403313195 0.223575720569 0.223575720569 0.223575720569 0.526403313195 0.117691000058
9.81393066406 0.223565824557 3.25491410477e-07 0.526426614133 0.223565824558 0.223565824558 0.223565824558 0.526426614133 0.117691000058
9.84067871094 0.223555927183 2.8217684822e-07 0.526449920343 0.223555927183 0.223555927183 0.223555927183 0.526449920343 0.117691000058
9.86742675781 0.223546028446 0 0.526473231826 0.223546028446 0.223546028446 0.223546028446 0.526473231826 0.117691000058
9.89417480469 0.223536128345 0 0.526496548585 0.223536128345 0.223536128345 0.223536128345 0.526496548586 0.117691000058
9.92092285156 0.22352622688 1.29734438565e-07 0.526519870623 0.22352622688 0.22352622688 0.22352622688 0.526519870623 0.117691000058
9.94767089844 0.223516324051 1.28066293458e-07 0.526543197941 0.223516324051 0.223516324051 0.223516324051 0.526543197941 0.117691000058
9.97441894531 0.223506419857 2.79456781319e-07 0.526566530541 0.223506419857 0.223506419857 0.223506419857 0.526566530542 0.117691000058
10.0011669922 0.223496514297 1.4180323738e-07 0.526589868427 0.223496514298 0.223496514298 0.223496514298 0.526589868427 0.117691000058
10.0279150391 0.223486607372 1.9311788163e-07 0.526613211599 0.223486607372 0.223486607372 0.223486607372 0.526613211599 0.117691000058
10.0546630859 0.223476699081 4.48141883383e-08 0.526636560062 0.223476699081 0.223476699081 0.223476699081 0.526636560061 0.117691000058
10.0814111328 0.223466789423 0 0.526659913815 0.223466789423 0.223466789423 0.223466789423 0.526659913815 0.117691000058
10.1081591797 0.223456878397 0 0.526683272862 0.223456878397 0.223456878397 0.223456878397 0.526683272862 0.117691000058
10.1349072266 0.223446966004 1.83697714844e-07 0.526706637206 0.223446966004 0.223446966004 0.223446966004 0.526706637206 0.117691000058
10.1616552734 0.223437052243 0 0.526730006848 0.223437052243 0.223437052243 0.223437052243 0.526730006848 0.117691000058
10.1884033203 0.223427137113 8.60465855633e-08 0.526753381791 0.223427137113 0.223427137113 0.223427137113 0.52675338179 0.117691000058
10.2151513672 0.223417220614 3.72026007777e-07 0.526776762035 0.223417220614 0.223417220614 0.223417220614 0.526776762036 0.117691000058
10.2418994141 0.223407302745 1.09784355211e-07 0.526800147586 0.223407302745 0.223407302745 0.223407302745 0.526800147586 0.117691000058
10.2686474609 0.223397383507 2.57909890423e-07 0.526823538444 0.223397383507 0.223397383507 0.223397383507 0.526823538444 0.117691000058
10.2953955078 0.223387462898 0 0.526846934612 0.223387462897 0.223387462897 0.223387462897 0.526846934611 0.117691000058
10.3221435547 0.223377540917 0 0.52687033609 0.223377540917 0.223377540917 0.223377540917 0.526870336091 0.117691000058
10.3488916016 0.223367617565 1.95525280405e-07 0.526893742884 0.223367617565 0.223367617565 0.223367617565 0.526893742885 0.117691000058
10.3756396484 0.223357692841 2.87641058292e-07 0.526917154995 0.223357692841 0.223357692841 0.223357692841 0.526917154995 0.117691000058
10.4023876953 0.223347766745 0 0.526940572424 0.223347766745 0.223347766745 0.223347766745 0.526940572423 0.117691000058
10.4291357422 0.223337839276 1.84915589588e-07 0.526963995173 0.223337839276 0.223337839276 0.223337839276 0.526963995173 0.117691000058
10.4558837891 0.223327910434 0 0.526987423246 0.223327910433 0.223327910433 0.223327910433 0.526987423246 0.117691000058
10.4826318359 0.223317980217 1.4398370561e-07 0.527010856644 0.223317980217 0.223317980217 0.223317980217 0.527010856644 0.117691000058
10.5093798828 0.223308048626 0 0.527034295371 0.223308048626 0.223308048626 0.223308048626 0.52703429537 0.117691000058
10.5361279297 0.22329811566 2.22045030261e-07 0.527057739427 0.223298115661 0.223298115661 0.223298115661 0.527057739427 0.117691000058
10.5628759766 0.223288181319 3.13718819805e-07 0.527081188815 0.22328818132 0.22328818132 0.22328818132 0.527081188815 0.117691000058
10.5896240234 0.223278245603 1.42311476561e-07 0.527104643539 0.223278245603 0.223278245603 0.223278245603 0.527104643538 0.117691000058
10.6163720703 0.22326830851 0 0.527128103598 0.22326830851 0.22326830851 0.22326830851 0.527128103598 0.117691000058
10.6431201172 0.22325837004 0 0.527151568998 0.22325837004 0.22325837004 0.22325837004 0.527151568997 0.117691000058
10.6698681641 0.223248430193 9.92062868185e-08 0.527175039738 0.223248430193 0.223248430193 0.223248430193 0.527175039738 0.117691000058
10.6966162109 0.223238488968 3.08774005138e-07 0.527198515822 0.223238488968 0.223238488968 0.223238488968 0.527198515822 0.117691000058
10.7233642578 0.223228546365 3.24858606577e-07 0.527221997252 0.223228546365 0.223228546365 0.223228546365 0.527221997252 0.117691000058
10.7501123047 0.223218602384 2.94024051954e-07 0.527245484031 0.223218602384 0.223218602384 0.223218602384 0.52724548403 0.117691000058
10.7768603516 0.223208657023 0 0.527268976159 0.223208657023 0.223208657023 0.223208657023 0.527268976159 0.117691000058
10.8036083984 0.223198710283 0 0.527292473641 0.223198710283 0.223198710283 0.223198710283 0.527292473641 0.117691000059
10.8303564453 0.223188762162 2.25152057812e-07 0.527315976477 0.223188762162 0.223188762162 0.223188762162 0.527315976478 0.117691000059
10.8571044922 0.223178812662 0 0.527339484672 0.223178812661 0.223178812661 0.223178812661 0.527339484672 0.117691000059
10.8838525391 0.223168861779 2.07883644682e-07 0.527362998226 0.223168861779 0.223168861779 0.223168861779 0.527362998226 0.117691000059
10.9106005859 0.223158909516 2.33875307062e-07 0.527386517142 0.223158909516 0.223158909516 0.223158909516 0.527386517142 0.117691000059
10.9373486328 0.22314895587 3.32368829772e-07 0.527410041422 0.22314895587 0.22314895587 0.22314895587 0.527410041422 0.117691000059
10.9640966797 0.223139000842 1.12387984667e-07 0.527433571069 0.223139000842 0.223139000842 0.223139000842 0.527433571069 0.117691000059
10.9908447266 0.223129044431 0 0.527457106084 0.22312904443 0.22312904443 0.22312904443 0.527457106084 0.117691000059
11.0175927734 0.223119086636 0 0.527480646471 0.223119086636 0.223119086636 0.223119086636 0.527480646471 0.117691000059
11.0443408203 0.223109127457 0 0.527504192231 0.223109127457 0.223109127457 0.223109127457 0.527504192231 0.117691000059
11.0710888672 0.223099166894 3.03375359715e-07 0.527527743368 0.223099166894 0.223099166894 0.223099166894 0.527527743367 0.117691000059
11.0978369141 0.223089204946 0 0.527551299881 0.223089204946 0.223089204946 0.223089204946 0.527551299881 0.117691000059
11.1245849609 0.223079241613 0 0.527574861775 0.223079241613 0.223079241613 0.223079241613 0.527574861776 0.117691000059
11.1513330078 0.223069276893 0 0.527598429052 0.223069276893 0.223069276893 0.223069276893 0.527598429053 0.117691000059
11.1780810547 0.223059310787 1.80515000071e-07 0.527622001714 0.223059310788 0.223059310788 0.223059310788 0.527622001714 0.117691000059
11.2048291016 0.223049343295 1.86496210367e-07 0.527645579763 0.223049343295 0.223049343295 0.223049343295 0.527645579764 0.117691000059
11.2315771484 0.223039374415 3.5434144013e-07 0.527669163203 0.223039374415 0.223039374415 0.223039374415 0.527669163203 0.117691000059
11.2583251953 0.223029404147 0 0.527692752034 0.223029404147 0.223029404147 0.223029404147 0.527692752033 0.117691000059
11.2850732422 0.223019432491 2.43827078929e-07 0.527716346259 0.223019432491 0.223019432491 0.223019432491 0.527716346258 0.117691000059
11.3118212891 0.223009459446 0 0.527739945879 0.223009459446 0.223009459446 0.223009459446 0.52773994588 0.117691000059
11.3385693359 0.222999485012 9.13487975594e-08 0.527763550899 0.222999485012 0.222999485012 0.222999485012 0.5277635509 0.117691000059
11.3653173828 0.222989509188 1.45872804185e-08 0.527787161322 0.222989509188 0.222989509188 0.222989509188 0.527787161321 0.117691000059
11.3920654297 0.222979531974 0 0.527810777146 0.222979531974 0.222979531974 0.222979531974 0.527810777146 0.117691000059
11.4188134766 0.222969553369 5.9642503621e-08 0.527834398377 0.222969553369 0.222969553369 0.222969553369 0.527834398377 0.117691000059
11.4455615234 0.222959573373 0 0.527858025016 0.222959573373 0.222959573373 0.222959573373 0.527858025016 0.117691000059
11.4723095703 0.222949591985 2.74571976689e-07 0.527881657065 0.222949591985 0.222949591985 0.222949591985 0.527881657065 0.117691000059
11.4990576172 0.222939609205 0 0.527905294527 0.222939609205 0.222939609205 0.222939609205 0.527905294527 0.117691000059
11.5258056641 0.222929625032 2.24898489178e-07 0.527928937403 0.222929625032 0.222929625032 0.222929625032 0.527928937404 0.117691000059
11.5525537109 0.222919639466 3.53962109165e-07 0.527952585699 0.222919639466 0.222919639466 0.222919639466 0.527952585698 0.117691000059
11.5793017578 0.222909652506 6.19158889617e-08 0.527976239413 0.222909652507 0.222909652507 0.222909652507 0.527976239412 0.117691000059
11.6060498047 0.222899664153 2.86463630983e-07 0.527999898549 0.222899664153 0.222899664153 0.222899664153 0.527999898549 0.117691000059
11.6327978516 0.222889674404 2.66606218965e-07 0.528023563109 0.222889674404 0.222889674404 0.222889674404 0.528023563109 0.117691000059
11.6595458984 0.222879683261 0 0.528047233097 0.222879683261 0.222879683261 0.222879683261 0.528047233097 0.117691000059
11.6862939453 0.222869690721 0 0.528070908513 0.222869690721 0.222869690721 0.222869690721 0.528070908513 0.117691000059
11.7130419922 0.222859696786 0 0.52809458936 0.222859696786 0.222859696786 0.222859696786 0.528094589361 0.117691000059
11.7397900391 0.222849701454 0 0.528118275642 0.222849701454 0.222849701454 0.222849701454 0.528118275642 0.117691000059
11.7665380859 0.222839704725 0 0.528141967359 0.222839704725 0.222839704725 0.222839704725 0.52814196736 0.117691000059
11.7932861328 0.222829706598 1.11470647668e-07 0.528165664515 0.222829706598 0.222829706598 0.222829706598 0.528165664516 0.117691000059
11.8200341797 0.222819707074 0 0.528189367113 0.222819707073 0.222819707073 0.222819707074 0.528189367112 0.117691000059
11.8467822266 0.22280970615 1.25332045879e-07 0.528213075152 0.22280970615 0.22280970615 0.22280970615 0.528213075152 0.117691000059
11.8735302734 0.222799703828 0 0.528236788638 0.222799703828 0.222799703828 0.222799703828 0.528236788637 0.117691000059
11.9002783203 0.222789700106 1.70408353831e-07 0.528260507571 0.222789700106 0.222789700106 0.222789700106 0.52826050757 0.117691000059
11.9270263672 0.222779694984 0 0.528284231954 0.222779694984 0.222779694984 0.222779694984 0.528284231953 0.117691000059
11.9537744141 0.222769688461 2.86802352993e-07 0.528307961789 0.222769688461 0.222769688461 0.222769688461 0.528307961789 0.117691000059
11.9805224609 0.222759680538 1.99278520227e-07 0.52833169708 0.222759680538 0.222759680538 0.222759680538 0.528331697079 0.117691000059
12.0072705078 0.222749671213 0 0.528355437827 0.222749671213 0.222749671213 0.222749671213 0.528355437827 0.117691000059
12.0340185547 0.222739660486 4.70927581853e-08 0.528379184034 0.222739660486 0.222739660486 0.222739660486 0.528379184034 0.11769100006
12.0607666016 0.222729648356 3.37971170933e-07 0.528402935703 0.222729648356 0.222729648356 0.222729648356 0.528402935703 0.11769100006
12.0875146484 0.222719634824 0 0.528426692837 0.222719634824 0.222719634824 0.222719634824 0.528426692836 0.11769100006
12.1142626953 0.222709619888 0 0.528450455436 0.222709619887 0.222709619887 0.222709619888 0.528450455436 0.11769100006
12.1410107422 0.222699603548 0 0.528474223505 0.222699603547 0.222699603547 0.222699603547 0.528474223505 0.11769100006
12.1677587891 0.222689585803 1.50164647147e-07 0.528497997045 0.222689585803 0.222689585803 0.222689585803 0.528497997045 0.11769100006
12.1945068359 0.222679566653 2.5819032428e-07 0.528521776058 0.222679566653 0.222679566653 0.222679566653 0.528521776059 0.11769100006
12.2212548828 0.222669546098 0 0.528545560549 0.222669546098 0.222669546098 0.222669546098 0.528545560549 0.11769100006
12.2480029297 0.222659524138 0 0.528569350516 0.222659524137 0.222659524137 0.222659524137 0.528569350517 0.11769100006
12.2747509766 0.22264950077 0 0.528593145965 0.22264950077 0.22264950077 0.22264950077 0.528593145966 0.11769100006
12.3014990234 0.222639475995 3.54560472132e-07 0.528616946898 0.222639475996 0.222639475996 0.222639475996 0.528616946898 0.11769100006
12.3282470703 0.222629449814 2.87966881661e-07 0.528640753316 0.222629449814 0.222629449814 0.222629449814 0.528640753315 0.11769100006
12.3549951172 0.222619422224 0 0.528664565221 0.222619422224 0.222619422224 0.222619422224 0.528664565221 0.11769100006
12.3817431641 0.222609393226 2.46371928988e-07 0.528688382617 0.222609393226 0.222609393226 0.222609393226 0.528688382617 0.11769100006
12.4084912109 0.222599362819 5.68427577053e-08 0.528712205505 0.222599362819 0.222599362819 0.222599362819 0.528712205505 0.11769100006
12.4352392578 0.222589331002 1.53784152691e-07 0.528736033888 0.222589331002 0.222589331002 0.222589331002 0.528736033888 0.11769100006
12.4619873047 0.222579297775 2.51717460732e-07 0.52875986777 0.222579297775 0.222579297775 0.222579297775 0.528759867769 0.11769100006
12.4887353516 0.222569263138 1.95540987358e-07 0.52878370715 0.222569263138 0.222569263138 0.222569263138 0.52878370715 0.11769100006
12.5154833984 0.222559227091 0 0.528807552032 0.22255922709 0.22255922709 0.22255922709 0.528807552032 0.11769100006
12.5422314453 0.222549189631 2.84954851779e-07 0.52883140242 0.222549189631 0.222549189631 0.222549189631 0.52883140242 0.11769100006
12.5689794922 0.22253915076 1.9959371119e-07 0.528855258314 0.22253915076 0.22253915076 0.22253915076 0.528855258314 0.11769100006
12.5957275391 0.222529110476 2.96368071499e-07 0.528879119717 0.222529110476 0.222529110476 0.222529110476 0.528879119717 0.11769100006
12.6224755859 0.222519068779 1.94668209253e-07 0.528902986632 0.222519068779 0.222519068779 0.222519068779 0.528902986632 0.11769100006
12.6492236328 0.222509025669 1.31809884357e-07 0.528926859061 0.222509025669 0.222509025669 0.222509025669 0.528926859061 0.11769100006
12.6759716797 0.222498981145 0 0.528950737007 0.222498981145 0.222498981145 0.222498981145 0.528950737007 0.11769100006
12.7027197266 0.222488935207 2.67530234606e-07 0.528974620471 0.222488935207 0.222488935207 0.222488935207 0.528974620471 0.11769100006
12.7294677734 0.222478887853 2.75208616638e-07 0.528998509457 0.222478887854 0.222478887854 0.222478887853 0.528998509457 0.11769100006
12.7562158203 0.222468839085 2.08651974147e-07 0.529022403966 0.222468839085 0.222468839085 0.222468839085 0.529022403966 0.11769100006
12.7829638672 0.2224587889 0 0.529046304001 0.2224587889 0.2224587889 0.2224587889 0.529046304001 0.11769100006
12.8097119141 0.222448737299 0 0.529070209565 0.222448737299 0.222448737299 0.222448737299 0.529070209565 0.11769100006
12.8364599609 0.22243868428 3.61533440263e-07 0.529094120659 0.222438684281 0.222438684281 0.222438684281 0.52909412066 0.11769100006
12.8632080078 0.222428629845 2.96248563732e-07 0.529118037287 0.222428629845 0.222428629845 0.222428629845 0.529118037287 0.11769100006
12.8899560547 0.222418573992 0 0.529141959451 0.222418573992 0.222418573992 0.222418573992 0.529141959451 0.11769100006
12.9167041016 0.22240851672 0 0.529165887153 0.22240851672 0.22240851672 0.22240851672 0.529165887152 0.11769100006
12.9434521484 0.222398458029 2.66530797512e-07 0.529189820395 0.222398458029 0.222398458029 0.222398458029 0.529189820394 0.11769100006
12.9702001953 0.222388397919 0 0.529213759179 0.222388397919 0.222388397919 0.222388397919 0.529213759179 0.11769100006
12.9969482422 0.222378336388 3.14552238043e-07 0.529237703508 0.222378336388 0.222378336388 0.222378336388 0.529237703509 0.11769100006
13.0236962891 0.222368273438 0 0.529261653386 0.222368273438 0.222368273438 0.222368273438 0.529261653386 0.11769100006
13.0504443359 0.222358209066 2.82024002119e-07 0.529285608814 0.222358209066 0.222358209066 0.222358209066 0.529285608814 0.11769100006
13.0771923828 0.222348143273 2.54298555869e-07 0.529309569794 0.222348143273 0.222348143273 0.222348143273 0.529309569794 0.11769100006
13.1039404297 0.222338076058 1.28791275228e-07 0.52933353633 0.222338076058 0.222338076058 0.222338076058 0.529333536329 0.11769100006
13.1306884766 0.22232800742 2.27343927023e-07 0.529357508422 0.22232800742 0.22232800742 0.22232800742 0.529357508422 0.11769100006
13.1574365234 0.22231793736 2.48066056731e-07 0.529381486074 0.22231793736 0.22231793736 0.22231793736 0.529381486074 0.11769100006
13.1841845703 0.222307865876 2.89887549991e-07 0.529405469288 0.222307865876 0.222307865876 0.222307865876 0.529405469288 0.11769100006
13.2109326172 0.222297792968 2.37100043704e-07 0.529429458067 0.222297792968 0.222297792968 0.222297792968 0.529429458067 0.11769100006
13.2376806641 0.222287718636 0 0.529453452413 0.222287718636 0.222287718636 0.222287718636 0.529453452412 0.117691000061
13.2644287109 0.222277642878 0 0.529477452327 0.222277642878 0.222277642878 0.222277642878 0.529477452328 0.117691000061
13.2911767578 0.222267565695 0 0.529501457814 0.222267565695 0.222267565695 0.222267565695 0.529501457815 0.117691000061
13.3179248047 0.222257487086 2.55947433052e-07 0.529525468876 0.222257487086 0.222257487086 0.222257487086 0.529525468876 0.117691000061
13.3446728516 0.222247407051 0 0.529549485514 0.222247407051 0.222247407051 0.222247407051 0.529549485514 0.117691000061
13.3714208984 0.222237325589 0 0.529573507731 0.222237325589 0.222237325589 0.222237325588 0.529573507731 0.117691000061
13.3981689453 0.222227242698 2.07605979403e-07 0.52959753553 0.222227242698 0.222227242698 0.222227242698 0.52959753553 0.117691000061
13.4249169922 0.22221715838 1.78268932896e-07 0.529621568912 0.22221715838 0.22221715838 0.22221715838 0.529621568912 0.117691000061
13.4516650391 0.222207072634 2.06527742727e-07 0.529645607881 0.222207072634 0.222207072634 0.222207072634 0.529645607881 0.117691000061
13.4784130859 0.222196985458 0 0.529669652439 0.222196985458 0.222196985458 0.222196985458 0.529669652439 0.117691000061
13.5051611328 0.222186896853 5.92123709369e-08 0.529693702589 0.222186896853 0.222186896853 0.222186896853 0.529693702588 0.117691000061
13.5319091797 0.222176806818 0 0.529717758332 0.222176806818 0.222176806818 0.222176806818 0.529717758331 0.117691000061
13.5586572266 0.222166715352 1.69647116688e-07 0.52974181967 0.222166715352 0.222166715352 0.222166715352 0.52974181967 0.117691000061
13.5854052734 0.222156622455 0 0.529765886608 0.222156622455 0.222156622455 0.222156622455 0.529765886608 0.117691000061
13.6121533203 0.222146528127 0 0.529789959147 0.222146528127 0.222146528127 0.222146528127 0.529789959147 0.117691000061
13.6389013672 0.222136432366 0 0.529814037289 0.222136432366 0.222136432366 0.222136432366 0.529814037289 0.117691000061
13.6656494141 0.222126335173 1.82566817804e-07 0.529838121037 0.222126335173 0.222126335173 0.222126335173 0.529838121036 0.117691000061
13.6923974609 0.222116236547 0 0.529862210395 0.222116236547 0.222116236547 0.222116236547 0.529862210395 0.117691000061
13.7191455078 0.222106136486 0 0.529886305344 0.222106136486 0.222106136486 0.222106136486 0.529886305344 0.117691000057
13.7458935547 0.222096035004 1.74950587044e-07 0.529910405954 0.222096035004 0.222096035004 0.222096035004 0.529910405954 0.11769100007
13.7726416016 0.222085932056 0 0.529934511818 0.222085932056 0.222085932056 0.222085932056 0.529934511818 0.117690999986
13.7993896484 0.222075827904 3.22006365368e-07 0.52995862416 0.222075827904 0.222075827904 0.222075827904 0.529958624161 0.117691000215
13.8261376953 0.222065721768 0 0.529982735631 0.222065721768 0.222065721768 0.222065721768 0.529982735631 0.117690998712
13.8528857422 0.222055618334 2.5739937907e-07 0.530006868163 0.222055618334 0.222055618334 0.222055618334 0.530006868163 0.117691002831
13.8796337891 0.222045503623 0 0.530030889798 0.222045503623 0.222045503623 0.222045503623 0.530030889798 0.117690975861
13.9063818359 0.222035461742 9.34746869203e-08 0.530055194165 0.222035461742 0.222035461742 0.222035461742 0.530055194165 0.117691049785
13.9331298828 0.222025241801 1.21081487081e-07 0.530077413032 0.2220252418 0.2220252418 0.222025241801 0.530077413033 0.117690565802
13.9598779297 0.222016353192 2.31638433801e-07 0.530104611164 0.222016353192 0.222016353192 0.222016353192 0.530104611164 0.117691892581
13.9866259766 0.222004293131 0 0.530111101214 0.222004293131 0.222004293131 0.222004293131 0.530111101213 0.117686940306
